symbol,setup_name,signal_ts,entry_ts,entry_price,stop_price,target_price,exit_ts,exit_price,exit_reason,r_multiple,outcome,signal_id,entry_notional_usd,risk_to_stop_usd
EEM,MeanReversion_D1,2025-06-13T00:00:00-04:00,2025-06-16T00:00:00-04:00,47.18,46.98,47.58,2025-06-17T00:00:00-04:00,46.98,SL hit,-1.0,loss,EEM_MeanReversion_D1_4,47.18,0.20000000000000284
EEM,MeanReversion_D1,2025-06-17T00:00:00-04:00,2025-06-18T00:00:00-04:00,46.62,46.54,46.78,2025-06-18T00:00:00-04:00,46.54,SL hit,-1.0,loss,EEM_MeanReversion_D1_6,46.62,0.0799999999999983
EEM,MeanReversion_D1,2025-07-07T00:00:00-04:00,2025-07-08T00:00:00-04:00,48.37,47.96,49.19,2025-07-14T00:00:00-04:00,48.34,time stop loss,-0.0732,loss,EEM_MeanReversion_D1_18,48.37,0.4099999999999966
EEM,MeanReversion_D1,2025-07-28T00:00:00-04:00,2025-07-29T00:00:00-04:00,49.29,49.095,49.68,2025-07-30T00:00:00-04:00,49.095,SL hit,-1.0,loss,EEM_MeanReversion_D1_33,49.29,0.19500000000000028
EEM,MeanReversion_D1,2025-08-01T00:00:00-04:00,2025-08-04T00:00:00-04:00,48.735,47.99,50.225,2025-08-08T00:00:00-04:00,49.43,time stop win,0.9329,win,EEM_MeanReversion_D1_37,48.735,0.7449999999999974
EEM,MeanReversion_D1,2025-08-14T00:00:00-04:00,2025-08-15T00:00:00-04:00,50.03,49.74,50.61,2025-08-20T00:00:00-04:00,49.74,SL hit,-1.0,loss,EEM_MeanReversion_D1_46,50.03,0.28999999999999915
EEM,MeanReversion_D1,2025-08-20T00:00:00-04:00,2025-08-21T00:00:00-04:00,49.58,49.45,49.84,2025-08-22T00:00:00-04:00,49.84,TP hit,2.0,win,EEM_MeanReversion_D1_50,49.58,0.12999999999999545
EEM,MeanReversion_D1,2025-08-27T00:00:00-04:00,2025-08-28T00:00:00-04:00,49.86,49.595,50.39,2025-09-02T00:00:00-04:00,49.595,SL hit,-1.0,loss,EEM_MeanReversion_D1_55,49.86,0.26500000000000057
EEM,MeanReversion_D1,2025-09-04T00:00:00-04:00,2025-09-05T00:00:00-04:00,50.54,49.54,52.54,2025-09-11T00:00:00-04:00,52.27,time stop win,1.73,win,EEM_MeanReversion_D1_60,50.54,1.0
EEM,MeanReversion_D1,2025-10-07T00:00:00-04:00,2025-10-08T00:00:00-04:00,54.13,54.025,54.34,2025-10-08T00:00:00-04:00,54.34,TP hit,2.0,win,EEM_MeanReversion_D1_83,54.13,0.10500000000000398
EEM,MeanReversion_D1,2025-10-09T00:00:00-04:00,2025-10-10T00:00:00-04:00,53.96,53.81,54.26,2025-10-10T00:00:00-04:00,53.81,SL hit,-1.0,loss,EEM_MeanReversion_D1_85,53.96,0.14999999999999858
EEM,MeanReversion_D1,2025-10-10T00:00:00-04:00,2025-10-13T00:00:00-04:00,53.44,51.825,56.67,2025-10-17T00:00:00-04:00,54.18,time stop win,0.4582,win,EEM_MeanReversion_D1_86,53.44,1.6149999999999949
EEM,MeanReversion_D1,2025-10-14T00:00:00-04:00,2025-10-15T00:00:00-04:00,53.85,52.535,56.48,2025-10-21T00:00:00-04:00,54.315,time stop win,0.3536,win,EEM_MeanReversion_D1_88,53.85,1.3150000000000048
EEM,MeanReversion_D1,2025-10-21T00:00:00-04:00,2025-10-22T00:00:00-04:00,54.43,54.315,54.66,2025-10-22T00:00:00-04:00,54.315,SL hit,-1.0,loss,EEM_MeanReversion_D1_93,54.43,0.11500000000000199
EEM,MeanReversion_D1,2025-10-22T00:00:00-04:00,2025-10-23T00:00:00-04:00,54.49,54.01,55.45,2025-10-27T00:00:00-04:00,55.45,TP hit,2.0,win,EEM_MeanReversion_D1_94,54.49,0.480000000000004
EEM,MeanReversion_D1,2025-10-30T00:00:00-04:00,2025-10-31T00:00:00-04:00,55.34,55.32,55.38,2025-10-31T00:00:00-04:00,55.32,SL hit,-1.0,loss,EEM_MeanReversion_D1_100,55.34,0.020000000000003126
EEM,MeanReversion_D1,2025-10-31T00:00:00-04:00,2025-11-03T00:00:00-05:00,55.69,55.04,56.99,2025-11-04T00:00:00-05:00,55.04,SL hit,-1.0,loss,EEM_MeanReversion_D1_101,55.69,0.6499999999999986
EEM,MeanReversion_D1,2025-11-04T00:00:00-05:00,2025-11-05T00:00:00-05:00,54.64,54.61,54.7,2025-11-05T00:00:00-05:00,54.7,TP hit,2.0,win,EEM_MeanReversion_D1_103,54.64,0.030000000000001137
EEM,MeanReversion_D1,2025-11-18T00:00:00-05:00,2025-11-19T00:00:00-05:00,53.84,53.675,54.17,2025-11-19T00:00:00-05:00,53.675,SL hit,-1.0,loss,EEM_MeanReversion_D1_113,53.84,0.16500000000000625
EEM,MeanReversion_D1,2025-12-12T00:00:00-05:00,2025-12-15T00:00:00-05:00,54.57,54.105,55.5,2025-12-15T00:00:00-05:00,54.105,SL hit,-1.0,loss,EEM_MeanReversion_D1_130,54.57,0.4650000000000034
EEM,MeanReversion_D1,2025-12-16T00:00:00-05:00,2025-12-17T00:00:00-05:00,53.255,52.77,54.225,2025-12-17T00:00:00-05:00,52.77,SL hit,-1.0,loss,EEM_MeanReversion_D1_132,53.255,0.48499999999999943
EEM,MeanReversion_D1,2025-12-17T00:00:00-05:00,2025-12-18T00:00:00-05:00,53.28,52.58,54.68,2025-12-24T00:00:00-05:00,54.4,time stop win,1.6,win,EEM_MeanReversion_D1_133,53.28,0.7000000000000028
EEM,MeanReversion_D1,2025-12-31T00:00:00-05:00,2026-01-02T00:00:00-05:00,55.89,54.675,58.32,2026-01-08T00:00:00-05:00,56.85,time stop win,0.7901,win,EEM_MeanReversion_D1_142,55.89,1.2150000000000034
EEM,MeanReversion_D1,2026-01-20T00:00:00-05:00,2026-01-21T00:00:00-05:00,58.0,57.24,59.52,2026-01-27T00:00:00-05:00,59.52,TP hit,2.0,win,EEM_MeanReversion_D1_154,58.0,0.759999999999998
EEM,MeanReversion_D1,2026-02-05T00:00:00-05:00,2026-02-06T00:00:00-05:00,59.245,58.22,61.295,2026-02-11T00:00:00-05:00,61.295,TP hit,2.0,win,EEM_MeanReversion_D1_166,59.245,1.0249999999999986
EEM,MeanReversion_D1,2026-02-26T00:00:00-05:00,2026-02-27T00:00:00-05:00,62.19,62.09,62.39,2026-02-27T00:00:00-05:00,62.39,TP hit,2.0,win,EEM_MeanReversion_D1_180,62.19,0.09999999999999432
EEM,PrevDayBreakout_D1,2025-06-10T00:00:00-04:00,2025-06-11T00:00:00-04:00,47.83,47.115,49.26,2025-06-13T00:00:00-04:00,47.115,SL hit,-1.0,loss,EEM_PrevDayBreakout_D1_1,47.83,0.7149999999999963
EEM,PrevDayBreakout_D1,2025-06-11T00:00:00-04:00,2025-06-12T00:00:00-04:00,47.74,47.35,48.52,2025-06-13T00:00:00-04:00,47.35,SL hit,-1.0,loss,EEM_PrevDayBreakout_D1_2,47.74,0.39000000000000057
EEM,PrevDayBreakout_D1,2025-06-24T00:00:00-04:00,2025-06-25T00:00:00-04:00,47.9,46.16,51.38,2025-07-01T00:00:00-04:00,48.35,time stop win,0.2586,win,EEM_PrevDayBreakout_D1_10,47.9,1.740000000000002
EEM,PrevDayBreakout_D1,2025-06-25T00:00:00-04:00,2025-06-26T00:00:00-04:00,48.175,47.415,49.695,2025-07-02T00:00:00-04:00,48.53,time stop win,0.4671,win,EEM_PrevDayBreakout_D1_11,48.175,0.759999999999998
EEM,PrevDayBreakout_D1,2025-06-26T00:00:00-04:00,2025-06-27T00:00:00-04:00,48.075,47.83,48.565,2025-07-03T00:00:00-04:00,48.565,TP hit,2.0,win,EEM_PrevDayBreakout_D1_12,48.075,0.24500000000000455
EEM,PrevDayBreakout_D1,2025-07-01T00:00:00-04:00,2025-07-02T00:00:00-04:00,48.17,47.9,48.71,2025-07-03T00:00:00-04:00,48.71,TP hit,2.0,win,EEM_PrevDayBreakout_D1_15,48.17,0.2700000000000031
EEM,PrevDayBreakout_D1,2025-07-02T00:00:00-04:00,2025-07-03T00:00:00-04:00,48.59,48.2,49.37,2025-07-07T00:00:00-04:00,48.2,SL hit,-1.0,loss,EEM_PrevDayBreakout_D1_16,48.59,0.39000000000000057
EEM,PrevDayBreakout_D1,2025-07-03T00:00:00-04:00,2025-07-07T00:00:00-04:00,48.28,48.13,48.58,2025-07-07T00:00:00-04:00,48.13,SL hit,-1.0,loss,EEM_PrevDayBreakout_D1_17,48.28,0.14999999999999858
EEM,PrevDayBreakout_D1,2025-07-10T00:00:00-04:00,2025-07-11T00:00:00-04:00,48.365,48.16,48.775,2025-07-15T00:00:00-04:00,48.775,TP hit,2.0,win,EEM_PrevDayBreakout_D1_21,48.365,0.2050000000000054
EEM,PrevDayBreakout_D1,2025-07-15T00:00:00-04:00,2025-07-16T00:00:00-04:00,48.67,48.21,49.59,2025-07-21T00:00:00-04:00,49.59,TP hit,2.0,win,EEM_PrevDayBreakout_D1_24,48.67,0.46000000000000085
EEM,PrevDayBreakout_D1,2025-07-16T00:00:00-04:00,2025-07-17T00:00:00-04:00,48.85,48.615,49.32,2025-07-18T00:00:00-04:00,49.32,TP hit,2.0,win,EEM_PrevDayBreakout_D1_25,48.85,0.23499999999999943
EEM,PrevDayBreakout_D1,2025-07-17T00:00:00-04:00,2025-07-18T00:00:00-04:00,49.33,48.475,51.04,2025-07-24T00:00:00-04:00,49.66,time stop win,0.386,win,EEM_PrevDayBreakout_D1_26,49.33,0.8549999999999969
EEM,PrevDayBreakout_D1,2025-07-23T00:00:00-04:00,2025-07-24T00:00:00-04:00,49.78,49.05,51.24,2025-07-30T00:00:00-04:00,49.05,SL hit,-1.0,loss,EEM_PrevDayBreakout_D1_30,49.78,0.730000000000004
EEM,PrevDayBreakout_D1,2025-08-04T00:00:00-04:00,2025-08-05T00:00:00-04:00,48.95,47.99,50.87,2025-08-11T00:00:00-04:00,49.295,time stop win,0.3594,win,EEM_PrevDayBreakout_D1_38,48.95,0.9600000000000009
EEM,PrevDayBreakout_D1,2025-08-05T00:00:00-04:00,2025-08-06T00:00:00-04:00,48.9,48.56,49.58,2025-08-07T00:00:00-04:00,49.58,TP hit,2.0,win,EEM_PrevDayBreakout_D1_39,48.9,0.3399999999999963
EEM,PrevDayBreakout_D1,2025-08-06T00:00:00-04:00,2025-08-07T00:00:00-04:00,49.6,48.74,51.32,2025-08-13T00:00:00-04:00,50.51,time stop win,1.0581,win,EEM_PrevDayBreakout_D1_40,49.6,0.8599999999999994
EEM,PrevDayBreakout_D1,2025-08-07T00:00:00-04:00,2025-08-08T00:00:00-04:00,49.33,48.8,50.39,2025-08-13T00:00:00-04:00,50.39,TP hit,2.0,win,EEM_PrevDayBreakout_D1_41,49.33,0.5300000000000011
EEM,PrevDayBreakout_D1,2025-08-12T00:00:00-04:00,2025-08-13T00:00:00-04:00,50.45,49.24,52.87,2025-08-19T00:00:00-04:00,49.805,time stop loss,-0.5331,loss,EEM_PrevDayBreakout_D1_44,50.45,1.2100000000000009
EEM,PrevDayBreakout_D1,2025-08-13T00:00:00-04:00,2025-08-14T00:00:00-04:00,49.88,49.49,50.66,2025-08-20T00:00:00-04:00,49.49,SL hit,-1.0,loss,EEM_PrevDayBreakout_D1_45,49.88,0.39000000000000057
EEM,PrevDayBreakout_D1,2025-08-18T00:00:00-04:00,2025-08-19T00:00:00-04:00,50.1,49.89,50.52,2025-08-19T00:00:00-04:00,49.89,SL hit,-1.0,loss,EEM_PrevDayBreakout_D1_48,50.1,0.21000000000000085
EEM,PrevDayBreakout_D1,2025-08-22T00:00:00-04:00,2025-08-25T00:00:00-04:00,50.545,49.54,52.555,2025-08-29T00:00:00-04:00,49.85,time stop loss,-0.6915,loss,EEM_PrevDayBreakout_D1_52,50.545,1.0050000000000026
EEM,PrevDayBreakout_D1,2025-08-28T00:00:00-04:00,2025-08-29T00:00:00-04:00,49.81,49.595,50.24,2025-09-02T00:00:00-04:00,49.595,SL hit,-1.0,loss,EEM_PrevDayBreakout_D1_56,49.81,0.2150000000000034
EEM,PrevDayBreakout_D1,2025-09-03T00:00:00-04:00,2025-09-04T00:00:00-04:00,49.69,49.35,50.37,2025-09-05T00:00:00-04:00,50.37,TP hit,2.0,win,EEM_PrevDayBreakout_D1_59,49.69,0.3399999999999963
EEM,PrevDayBreakout_D1,2025-09-05T00:00:00-04:00,2025-09-08T00:00:00-04:00,50.72,49.54,53.08,2025-09-12T00:00:00-04:00,52.265,time stop win,1.3093,win,EEM_PrevDayBreakout_D1_61,50.72,1.1799999999999997
EEM,PrevDayBreakout_D1,2025-09-08T00:00:00-04:00,2025-09-09T00:00:00-04:00,51.11,50.18,52.97,2025-09-15T00:00:00-04:00,52.655,time stop win,1.6613,win,EEM_PrevDayBreakout_D1_62,51.11,0.9299999999999997
EEM,PrevDayBreakout_D1,2025-09-09T00:00:00-04:00,2025-09-10T00:00:00-04:00,51.6,50.63,53.54,2025-09-16T00:00:00-04:00,53.03,time stop win,1.4742,win,EEM_PrevDayBreakout_D1_63,51.6,0.9699999999999989
EEM,PrevDayBreakout_D1,2025-09-10T00:00:00-04:00,2025-09-11T00:00:00-04:00,51.895,51.1,53.485,2025-09-17T00:00:00-04:00,53.485,TP hit,2.0,win,EEM_PrevDayBreakout_D1_64,51.895,0.7950000000000017
EEM,PrevDayBreakout_D1,2025-09-11T00:00:00-04:00,2025-09-12T00:00:00-04:00,52.33,51.505,53.98,2025-09-18T00:00:00-04:00,53.115,time stop win,0.9515,win,EEM_PrevDayBreakout_D1_65,52.33,0.8249999999999957
EEM,PrevDayBreakout_D1,2025-09-15T00:00:00-04:00,2025-09-16T00:00:00-04:00,52.88,52.185,54.27,2025-09-22T00:00:00-04:00,53.25,time stop win,0.5324,win,EEM_PrevDayBreakout_D1_67,52.88,0.6950000000000003
EEM,PrevDayBreakout_D1,2025-09-16T00:00:00-04:00,2025-09-17T00:00:00-04:00,53.27,52.49,54.83,2025-09-23T00:00:00-04:00,53.3,time stop win,0.0385,win,EEM_PrevDayBreakout_D1_68,53.27,0.7800000000000011
EEM,PrevDayBreakout_D1,2025-09-17T00:00:00-04:00,2025-09-18T00:00:00-04:00,52.91,52.765,53.2,2025-09-22T00:00:00-04:00,53.2,TP hit,2.0,win,EEM_PrevDayBreakout_D1_69,52.91,0.14499999999999602
EEM,PrevDayBreakout_D1,2025-09-22T00:00:00-04:00,2025-09-23T00:00:00-04:00,53.32,52.915,54.13,2025-09-25T00:00:00-04:00,52.915,SL hit,-1.0,loss,EEM_PrevDayBreakout_D1_72,53.32,0.40500000000000114
EEM,PrevDayBreakout_D1,2025-09-23T00:00:00-04:00,2025-09-24T00:00:00-04:00,53.26,52.98,53.82,2025-09-25T00:00:00-04:00,52.98,SL hit,-1.0,loss,EEM_PrevDayBreakout_D1_73,53.26,0.28000000000000114
EEM,PrevDayBreakout_D1,2025-09-29T00:00:00-04:00,2025-09-30T00:00:00-04:00,53.335,52.345,55.315,2025-10-06T00:00:00-04:00,54.48,time stop win,1.1566,win,EEM_PrevDayBreakout_D1_77,53.335,0.990000000000002
EEM,PrevDayBreakout_D1,2025-10-01T00:00:00-04:00,2025-10-02T00:00:00-04:00,54.34,53.195,56.63,2025-10-08T00:00:00-04:00,54.48,time stop win,0.1223,win,EEM_PrevDayBreakout_D1_79,54.34,1.1450000000000031
EEM,PrevDayBreakout_D1,2025-10-02T00:00:00-04:00,2025-10-03T00:00:00-04:00,54.33,53.59,55.81,2025-10-09T00:00:00-04:00,53.93,time stop loss,-0.5405,loss,EEM_PrevDayBreakout_D1_80,54.33,0.7399999999999949
EEM,PrevDayBreakout_D1,2025-10-06T00:00:00-04:00,2025-10-07T00:00:00-04:00,54.68,54.065,55.91,2025-10-07T00:00:00-04:00,54.065,SL hit,-1.0,loss,EEM_PrevDayBreakout_D1_82,54.68,0.615000000000002
EEM,PrevDayBreakout_D1,2025-10-15T00:00:00-04:00,2025-10-16T00:00:00-04:00,54.32,52.535,57.89,2025-10-22T00:00:00-04:00,54.27,time stop loss,-0.028,loss,EEM_PrevDayBreakout_D1_89,54.32,1.7850000000000037
EEM,PrevDayBreakout_D1,2025-10-16T00:00:00-04:00,2025-10-17T00:00:00-04:00,53.83,53.52,54.45,2025-10-20T00:00:00-04:00,54.45,TP hit,2.0,win,EEM_PrevDayBreakout_D1_90,53.83,0.30999999999999517
EEM,PrevDayBreakout_D1,2025-10-20T00:00:00-04:00,2025-10-21T00:00:00-04:00,54.59,53.805,56.16,2025-10-27T00:00:00-04:00,55.73,time stop win,1.4522,win,EEM_PrevDayBreakout_D1_92,54.59,0.7850000000000037
EEM,PrevDayBreakout_D1,2025-10-23T00:00:00-04:00,2025-10-24T00:00:00-04:00,55.17,54.01,57.49,2025-10-30T00:00:00-04:00,55.415,time stop win,0.2112,win,EEM_PrevDayBreakout_D1_95,55.17,1.1600000000000037
EEM,PrevDayBreakout_D1,2025-10-24T00:00:00-04:00,2025-10-27T00:00:00-04:00,55.71,54.47,58.19,2025-10-31T00:00:00-04:00,55.3,time stop loss,-0.3306,loss,EEM_PrevDayBreakout_D1_96,55.71,1.240000000000002
EEM,PrevDayBreakout_D1,2025-10-27T00:00:00-04:00,2025-10-28T00:00:00-04:00,55.37,55.01,56.09,2025-10-29T00:00:00-04:00,56.09,TP hit,2.0,win,EEM_PrevDayBreakout_D1_97,55.37,0.35999999999999943
EEM,PrevDayBreakout_D1,2025-10-29T00:00:00-04:00,2025-10-30T00:00:00-04:00,55.44,55.335,55.65,2025-10-30T00:00:00-04:00,55.335,SL hit,-1.0,loss,EEM_PrevDayBreakout_D1_99,55.44,0.10499999999999687
EEM,PrevDayBreakout_D1,2025-11-05T00:00:00-05:00,2025-11-06T00:00:00-05:00,55.07,54.61,55.99,2025-11-06T00:00:00-05:00,54.61,SL hit,-1.0,loss,EEM_PrevDayBreakout_D1_104,55.07,0.46000000000000085
EEM,PrevDayBreakout_D1,2025-11-10T00:00:00-05:00,2025-11-11T00:00:00-05:00,55.515,53.81,58.925,2025-11-17T00:00:00-05:00,54.3,time stop loss,-0.7126,loss,EEM_PrevDayBreakout_D1_107,55.515,1.7049999999999983
EEM,PrevDayBreakout_D1,2025-11-11T00:00:00-05:00,2025-11-12T00:00:00-05:00,55.655,55.1,56.765,2025-11-13T00:00:00-05:00,55.1,SL hit,-1.0,loss,EEM_PrevDayBreakout_D1_108,55.655,0.5549999999999997
EEM,PrevDayBreakout_D1,2025-11-24T00:00:00-05:00,2025-11-25T00:00:00-05:00,53.63,52.38,56.13,2025-12-02T00:00:00-05:00,54.285,time stop win,0.524,win,EEM_PrevDayBreakout_D1_117,53.63,1.25
EEM,PrevDayBreakout_D1,2025-11-25T00:00:00-05:00,2025-11-26T00:00:00-05:00,54.11,53.125,56.08,2025-12-03T00:00:00-05:00,54.34,time stop win,0.2335,win,EEM_PrevDayBreakout_D1_118,54.11,0.9849999999999994
EEM,PrevDayBreakout_D1,2025-11-26T00:00:00-05:00,2025-11-28T00:00:00-05:00,54.16,53.215,56.05,2025-12-04T00:00:00-05:00,54.34,time stop win,0.1905,win,EEM_PrevDayBreakout_D1_119,54.16,0.9449999999999932
EEM,PrevDayBreakout_D1,2025-11-28T00:00:00-05:00,2025-12-01T00:00:00-05:00,54.16,53.96,54.56,2025-12-05T00:00:00-05:00,54.56,TP hit,2.0,win,EEM_PrevDayBreakout_D1_120,54.16,0.19999999999999574
EEM,PrevDayBreakout_D1,2025-12-05T00:00:00-05:00,2025-12-08T00:00:00-05:00,54.865,54.19,56.215,2025-12-12T00:00:00-05:00,54.19,SL hit,-1.0,loss,EEM_PrevDayBreakout_D1_125,54.865,0.6750000000000043
EEM,PrevDayBreakout_D1,2025-12-10T00:00:00-05:00,2025-12-11T00:00:00-05:00,54.7,54.25,55.6,2025-12-12T00:00:00-05:00,54.25,SL hit,-1.0,loss,EEM_PrevDayBreakout_D1_128,54.7,0.45000000000000284
EEM,PrevDayBreakout_D1,2025-12-19T00:00:00-05:00,2025-12-22T00:00:00-05:00,53.98,53.155,55.63,2025-12-29T00:00:00-05:00,54.665,time stop win,0.8303,win,EEM_PrevDayBreakout_D1_135,53.98,0.8249999999999957
EEM,PrevDayBreakout_D1,2025-12-22T00:00:00-05:00,2025-12-23T00:00:00-05:00,53.97,53.505,54.9,2025-12-30T00:00:00-05:00,54.9,TP hit,2.0,win,EEM_PrevDayBreakout_D1_136,53.97,0.4649999999999963
EEM,PrevDayBreakout_D1,2025-12-23T00:00:00-05:00,2025-12-24T00:00:00-05:00,54.41,53.885,55.46,2025-12-31T00:00:00-05:00,54.7,time stop win,0.5524,win,EEM_PrevDayBreakout_D1_137,54.41,0.5249999999999986
EEM,PrevDayBreakout_D1,2025-12-24T00:00:00-05:00,2025-12-26T00:00:00-05:00,54.6,53.9,56.0,2026-01-02T00:00:00-05:00,56.0,TP hit,2.0,win,EEM_PrevDayBreakout_D1_138,54.6,0.7000000000000028
EEM,PrevDayBreakout_D1,2025-12-26T00:00:00-05:00,2025-12-29T00:00:00-05:00,54.515,54.35,54.845,2025-12-30T00:00:00-05:00,54.845,TP hit,2.0,win,EEM_PrevDayBreakout_D1_139,54.515,0.16499999999999915
EEM,PrevDayBreakout_D1,2025-12-30T00:00:00-05:00,2025-12-31T00:00:00-05:00,54.9,54.435,55.83,2026-01-02T00:00:00-05:00,55.83,TP hit,2.0,win,EEM_PrevDayBreakout_D1_141,54.9,0.4649999999999963
EEM,PrevDayBreakout_D1,2026-01-02T00:00:00-05:00,2026-01-05T00:00:00-05:00,56.59,54.675,60.42,2026-01-09T00:00:00-05:00,57.13,time stop win,0.282,win,EEM_PrevDayBreakout_D1_143,56.59,1.9150000000000063
EEM,PrevDayBreakout_D1,2026-01-05T00:00:00-05:00,2026-01-06T00:00:00-05:00,57.185,55.825,59.905,2026-01-12T00:00:00-05:00,57.925,time stop win,0.5441,win,EEM_PrevDayBreakout_D1_144,57.185,1.3599999999999994
EEM,PrevDayBreakout_D1,2026-01-06T00:00:00-05:00,2026-01-07T00:00:00-05:00,57.04,56.36,58.4,2026-01-13T00:00:00-05:00,57.51,time stop win,0.6912,win,EEM_PrevDayBreakout_D1_145,57.04,0.6799999999999997
EEM,PrevDayBreakout_D1,2026-01-09T00:00:00-05:00,2026-01-12T00:00:00-05:00,57.24,56.625,58.47,2026-01-16T00:00:00-05:00,57.86,time stop win,1.0081,win,EEM_PrevDayBreakout_D1_148,57.24,0.615000000000002
EEM,PrevDayBreakout_D1,2026-01-12T00:00:00-05:00,2026-01-13T00:00:00-05:00,57.755,56.73,59.805,2026-01-20T00:00:00-05:00,57.34,time stop loss,-0.4049,loss,EEM_PrevDayBreakout_D1_149,57.755,1.0250000000000057
EEM,PrevDayBreakout_D1,2026-01-15T00:00:00-05:00,2026-01-16T00:00:00-05:00,57.97,57.45,59.01,2026-01-20T00:00:00-05:00,57.45,SL hit,-1.0,loss,EEM_PrevDayBreakout_D1_152,57.97,0.519999999999996
EEM,PrevDayBreakout_D1,2026-01-21T00:00:00-05:00,2026-01-22T00:00:00-05:00,58.7,57.24,61.62,2026-01-28T00:00:00-05:00,60.73,time stop win,1.3904,win,EEM_PrevDayBreakout_D1_155,58.7,1.4600000000000009
EEM,PrevDayBreakout_D1,2026-01-22T00:00:00-05:00,2026-01-23T00:00:00-05:00,58.55,57.92,59.81,2026-01-27T00:00:00-05:00,59.81,TP hit,2.0,win,EEM_PrevDayBreakout_D1_156,58.55,0.6299999999999955
EEM,PrevDayBreakout_D1,2026-01-23T00:00:00-05:00,2026-01-26T00:00:00-05:00,59.05,58.505,60.14,2026-01-27T00:00:00-05:00,60.14,TP hit,2.0,win,EEM_PrevDayBreakout_D1_157,59.05,0.5449999999999946
EEM,PrevDayBreakout_D1,2026-01-26T00:00:00-05:00,2026-01-27T00:00:00-05:00,59.965,58.44,63.015,2026-02-02T00:00:00-05:00,59.27,time stop loss,-0.4557,loss,EEM_PrevDayBreakout_D1_158,59.965,1.5250000000000057
EEM,PrevDayBreakout_D1,2026-01-27T00:00:00-05:00,2026-01-28T00:00:00-05:00,60.87,59.0,64.61,2026-01-30T00:00:00-05:00,59.0,SL hit,-1.0,loss,EEM_PrevDayBreakout_D1_159,60.87,1.8699999999999974
EEM,PrevDayBreakout_D1,2026-01-28T00:00:00-05:00,2026-01-29T00:00:00-05:00,60.86,59.895,62.79,2026-01-29T00:00:00-05:00,59.895,SL hit,-1.0,loss,EEM_PrevDayBreakout_D1_160,60.86,0.9649999999999963
EEM,PrevDayBreakout_D1,2026-02-03T00:00:00-05:00,2026-02-04T00:00:00-05:00,59.895,58.565,62.555,2026-02-04T00:00:00-05:00,58.565,SL hit,-1.0,loss,EEM_PrevDayBreakout_D1_164,59.895,1.3300000000000054
EEM,PrevDayBreakout_D1,2026-02-06T00:00:00-05:00,2026-02-09T00:00:00-05:00,59.97,58.22,63.47,2026-02-13T00:00:00-05:00,61.12,time stop win,0.6571,win,EEM_PrevDayBreakout_D1_167,59.97,1.75
EEM,PrevDayBreakout_D1,2026-02-09T00:00:00-05:00,2026-02-10T00:00:00-05:00,60.715,59.23,63.685,2026-02-17T00:00:00-05:00,60.86,time stop win,0.0976,win,EEM_PrevDayBreakout_D1_168,60.715,1.4850000000000065
EEM,PrevDayBreakout_D1,2026-02-11T00:00:00-05:00,2026-02-12T00:00:00-05:00,61.84,60.43,64.66,2026-02-13T00:00:00-05:00,60.43,SL hit,-1.0,loss,EEM_PrevDayBreakout_D1_170,61.84,1.4100000000000037
EEM,PrevDayBreakout_D1,2026-02-18T00:00:00-05:00,2026-02-19T00:00:00-05:00,60.825,60.195,62.085,2026-02-20T00:00:00-05:00,62.085,TP hit,2.0,win,EEM_PrevDayBreakout_D1_174,60.825,0.6300000000000026
EEM,PrevDayBreakout_D1,2026-02-20T00:00:00-05:00,2026-02-23T00:00:00-05:00,62.015,60.59,64.865,2026-02-27T00:00:00-05:00,62.54,time stop win,0.3684,win,EEM_PrevDayBreakout_D1_176,62.015,1.4249999999999972
EEM,PrevDayBreakout_D1,2026-02-24T00:00:00-05:00,2026-02-25T00:00:00-05:00,63.42,61.525,67.21,2026-02-27T00:00:00-05:00,62.54,time stop loss,-0.4644,loss,EEM_PrevDayBreakout_D1_178,63.42,1.8950000000000031
EEM,PrevDayBreakout_D1,2026-02-25T00:00:00-05:00,2026-02-26T00:00:00-05:00,63.28,62.11,65.62,2026-02-26T00:00:00-05:00,62.11,SL hit,-1.0,loss,EEM_PrevDayBreakout_D1_179,63.28,1.1700000000000017
EEM,TwoDayBreakout_D1,2025-06-11T00:00:00-04:00,2025-06-12T00:00:00-04:00,47.74,47.115,48.99,2025-06-13T00:00:00-04:00,47.115,SL hit,-1.0,loss,EEM_TwoDayBreakout_D1_2,47.74,0.625
EEM,TwoDayBreakout_D1,2025-06-24T00:00:00-04:00,2025-06-25T00:00:00-04:00,47.9,46.16,51.38,2025-07-01T00:00:00-04:00,48.35,time stop win,0.2586,win,EEM_TwoDayBreakout_D1_10,47.9,1.740000000000002
EEM,TwoDayBreakout_D1,2025-06-25T00:00:00-04:00,2025-06-26T00:00:00-04:00,48.175,46.16,52.205,2025-07-02T00:00:00-04:00,48.53,time stop win,0.1762,win,EEM_TwoDayBreakout_D1_11,48.175,2.0150000000000006
EEM,TwoDayBreakout_D1,2025-06-26T00:00:00-04:00,2025-06-27T00:00:00-04:00,48.075,47.415,49.395,2025-07-03T00:00:00-04:00,48.76,time stop win,1.0379,win,EEM_TwoDayBreakout_D1_12,48.075,0.6600000000000037
EEM,TwoDayBreakout_D1,2025-07-01T00:00:00-04:00,2025-07-02T00:00:00-04:00,48.17,47.9,48.71,2025-07-03T00:00:00-04:00,48.71,TP hit,2.0,win,EEM_TwoDayBreakout_D1_15,48.17,0.2700000000000031
EEM,TwoDayBreakout_D1,2025-07-02T00:00:00-04:00,2025-07-03T00:00:00-04:00,48.59,47.9,49.97,2025-07-10T00:00:00-04:00,48.42,time stop loss,-0.2464,loss,EEM_TwoDayBreakout_D1_16,48.59,0.6900000000000048
EEM,TwoDayBreakout_D1,2025-07-03T00:00:00-04:00,2025-07-07T00:00:00-04:00,48.28,48.13,48.58,2025-07-07T00:00:00-04:00,48.13,SL hit,-1.0,loss,EEM_TwoDayBreakout_D1_17,48.28,0.14999999999999858
EEM,TwoDayBreakout_D1,2025-07-10T00:00:00-04:00,2025-07-11T00:00:00-04:00,48.365,48.16,48.775,2025-07-15T00:00:00-04:00,48.775,TP hit,2.0,win,EEM_TwoDayBreakout_D1_21,48.365,0.2050000000000054
EEM,TwoDayBreakout_D1,2025-07-15T00:00:00-04:00,2025-07-16T00:00:00-04:00,48.67,48.21,49.59,2025-07-21T00:00:00-04:00,49.59,TP hit,2.0,win,EEM_TwoDayBreakout_D1_24,48.67,0.46000000000000085
EEM,TwoDayBreakout_D1,2025-07-16T00:00:00-04:00,2025-07-17T00:00:00-04:00,48.85,48.21,50.13,2025-07-23T00:00:00-04:00,49.945,time stop win,1.7109,win,EEM_TwoDayBreakout_D1_25,48.85,0.6400000000000006
EEM,TwoDayBreakout_D1,2025-07-17T00:00:00-04:00,2025-07-18T00:00:00-04:00,49.33,48.475,51.04,2025-07-24T00:00:00-04:00,49.66,time stop win,0.386,win,EEM_TwoDayBreakout_D1_26,49.33,0.8549999999999969
EEM,TwoDayBreakout_D1,2025-07-23T00:00:00-04:00,2025-07-24T00:00:00-04:00,49.78,49.05,51.24,2025-07-30T00:00:00-04:00,49.05,SL hit,-1.0,loss,EEM_TwoDayBreakout_D1_30,49.78,0.730000000000004
EEM,TwoDayBreakout_D1,2025-08-05T00:00:00-04:00,2025-08-06T00:00:00-04:00,48.9,47.99,50.72,2025-08-12T00:00:00-04:00,49.91,time stop win,1.1099,win,EEM_TwoDayBreakout_D1_39,48.9,0.9099999999999966
EEM,TwoDayBreakout_D1,2025-08-06T00:00:00-04:00,2025-08-07T00:00:00-04:00,49.6,48.56,51.68,2025-08-13T00:00:00-04:00,50.51,time stop win,0.875,win,EEM_TwoDayBreakout_D1_40,49.6,1.0399999999999991
EEM,TwoDayBreakout_D1,2025-08-07T00:00:00-04:00,2025-08-08T00:00:00-04:00,49.33,48.74,50.51,2025-08-13T00:00:00-04:00,50.51,TP hit,2.0,win,EEM_TwoDayBreakout_D1_41,49.33,0.5899999999999963
EEM,TwoDayBreakout_D1,2025-08-12T00:00:00-04:00,2025-08-13T00:00:00-04:00,50.45,49.24,52.87,2025-08-19T00:00:00-04:00,49.805,time stop loss,-0.5331,loss,EEM_TwoDayBreakout_D1_44,50.45,1.2100000000000009
EEM,TwoDayBreakout_D1,2025-08-13T00:00:00-04:00,2025-08-14T00:00:00-04:00,49.88,49.24,51.16,2025-08-20T00:00:00-04:00,49.74,time stop loss,-0.2188,loss,EEM_TwoDayBreakout_D1_45,49.88,0.6400000000000006
EEM,TwoDayBreakout_D1,2025-08-18T00:00:00-04:00,2025-08-19T00:00:00-04:00,50.1,49.74,50.82,2025-08-20T00:00:00-04:00,49.74,SL hit,-1.0,loss,EEM_TwoDayBreakout_D1_48,50.1,0.35999999999999943
EEM,TwoDayBreakout_D1,2025-08-22T00:00:00-04:00,2025-08-25T00:00:00-04:00,50.545,49.45,52.735,2025-08-29T00:00:00-04:00,49.85,time stop loss,-0.6347,loss,EEM_TwoDayBreakout_D1_52,50.545,1.0949999999999989
EEM,TwoDayBreakout_D1,2025-09-03T00:00:00-04:00,2025-09-04T00:00:00-04:00,49.69,49.35,50.37,2025-09-05T00:00:00-04:00,50.37,TP hit,2.0,win,EEM_TwoDayBreakout_D1_59,49.69,0.3399999999999963
EEM,TwoDayBreakout_D1,2025-09-05T00:00:00-04:00,2025-09-08T00:00:00-04:00,50.72,49.54,53.08,2025-09-12T00:00:00-04:00,52.265,time stop win,1.3093,win,EEM_TwoDayBreakout_D1_61,50.72,1.1799999999999997
EEM,TwoDayBreakout_D1,2025-09-08T00:00:00-04:00,2025-09-09T00:00:00-04:00,51.11,49.54,54.25,2025-09-15T00:00:00-04:00,52.655,time stop win,0.9841,win,EEM_TwoDayBreakout_D1_62,51.11,1.5700000000000003
EEM,TwoDayBreakout_D1,2025-09-09T00:00:00-04:00,2025-09-10T00:00:00-04:00,51.6,50.18,54.44,2025-09-16T00:00:00-04:00,53.03,time stop win,1.007,win,EEM_TwoDayBreakout_D1_63,51.6,1.4200000000000017
EEM,TwoDayBreakout_D1,2025-09-10T00:00:00-04:00,2025-09-11T00:00:00-04:00,51.895,50.63,54.425,2025-09-17T00:00:00-04:00,53.245,time stop win,1.0672,win,EEM_TwoDayBreakout_D1_64,51.895,1.2650000000000006
EEM,TwoDayBreakout_D1,2025-09-11T00:00:00-04:00,2025-09-12T00:00:00-04:00,52.33,51.1,54.79,2025-09-18T00:00:00-04:00,53.115,time stop win,0.6382,win,EEM_TwoDayBreakout_D1_65,52.33,1.2299999999999969
EEM,TwoDayBreakout_D1,2025-09-15T00:00:00-04:00,2025-09-16T00:00:00-04:00,52.88,51.89,54.86,2025-09-22T00:00:00-04:00,53.25,time stop win,0.3737,win,EEM_TwoDayBreakout_D1_67,52.88,0.990000000000002
EEM,TwoDayBreakout_D1,2025-09-16T00:00:00-04:00,2025-09-17T00:00:00-04:00,53.27,52.185,55.44,2025-09-23T00:00:00-04:00,53.3,time stop win,0.0276,win,EEM_TwoDayBreakout_D1_68,53.27,1.0850000000000009
EEM,TwoDayBreakout_D1,2025-09-17T00:00:00-04:00,2025-09-18T00:00:00-04:00,52.91,52.49,53.75,2025-09-24T00:00:00-04:00,53.11,time stop win,0.4762,win,EEM_TwoDayBreakout_D1_69,52.91,0.4199999999999946
EEM,TwoDayBreakout_D1,2025-09-22T00:00:00-04:00,2025-09-23T00:00:00-04:00,53.32,52.785,54.39,2025-09-25T00:00:00-04:00,52.785,SL hit,-1.0,loss,EEM_TwoDayBreakout_D1_72,53.32,0.5350000000000037
EEM,TwoDayBreakout_D1,2025-09-23T00:00:00-04:00,2025-09-24T00:00:00-04:00,53.26,52.915,53.95,2025-09-25T00:00:00-04:00,52.915,SL hit,-1.0,loss,EEM_TwoDayBreakout_D1_73,53.26,0.34499999999999886
EEM,TwoDayBreakout_D1,2025-09-29T00:00:00-04:00,2025-09-30T00:00:00-04:00,53.335,52.345,55.315,2025-10-06T00:00:00-04:00,54.48,time stop win,1.1566,win,EEM_TwoDayBreakout_D1_77,53.335,0.990000000000002
EEM,TwoDayBreakout_D1,2025-10-01T00:00:00-04:00,2025-10-02T00:00:00-04:00,54.34,53.125,56.77,2025-10-08T00:00:00-04:00,54.48,time stop win,0.1152,win,EEM_TwoDayBreakout_D1_79,54.34,1.2150000000000034
EEM,TwoDayBreakout_D1,2025-10-02T00:00:00-04:00,2025-10-03T00:00:00-04:00,54.33,53.195,56.6,2025-10-09T00:00:00-04:00,53.93,time stop loss,-0.3524,loss,EEM_TwoDayBreakout_D1_80,54.33,1.134999999999998
EEM,TwoDayBreakout_D1,2025-10-06T00:00:00-04:00,2025-10-07T00:00:00-04:00,54.68,53.91,56.22,2025-10-09T00:00:00-04:00,53.91,SL hit,-1.0,loss,EEM_TwoDayBreakout_D1_82,54.68,0.7700000000000031
EEM,TwoDayBreakout_D1,2025-10-15T00:00:00-04:00,2025-10-16T00:00:00-04:00,54.32,52.535,57.89,2025-10-22T00:00:00-04:00,54.27,time stop loss,-0.028,loss,EEM_TwoDayBreakout_D1_89,54.32,1.7850000000000037
EEM,TwoDayBreakout_D1,2025-10-16T00:00:00-04:00,2025-10-17T00:00:00-04:00,53.83,52.535,56.42,2025-10-23T00:00:00-04:00,54.74,time stop win,0.7027,win,EEM_TwoDayBreakout_D1_90,53.83,1.2950000000000017
EEM,TwoDayBreakout_D1,2025-10-20T00:00:00-04:00,2025-10-21T00:00:00-04:00,54.59,53.805,56.16,2025-10-27T00:00:00-04:00,55.73,time stop win,1.4522,win,EEM_TwoDayBreakout_D1_92,54.59,0.7850000000000037
EEM,TwoDayBreakout_D1,2025-10-23T00:00:00-04:00,2025-10-24T00:00:00-04:00,55.17,54.01,57.49,2025-10-30T00:00:00-04:00,55.415,time stop win,0.2112,win,EEM_TwoDayBreakout_D1_95,55.17,1.1600000000000037
EEM,TwoDayBreakout_D1,2025-10-24T00:00:00-04:00,2025-10-27T00:00:00-04:00,55.71,54.01,59.11,2025-10-31T00:00:00-04:00,55.3,time stop loss,-0.2412,loss,EEM_TwoDayBreakout_D1_96,55.71,1.7000000000000028
EEM,TwoDayBreakout_D1,2025-10-27T00:00:00-04:00,2025-10-28T00:00:00-04:00,55.37,54.47,57.17,2025-11-03T00:00:00-05:00,55.665,time stop win,0.3278,win,EEM_TwoDayBreakout_D1_97,55.37,0.8999999999999986
EEM,TwoDayBreakout_D1,2025-10-29T00:00:00-04:00,2025-10-30T00:00:00-04:00,55.44,55.335,55.65,2025-10-30T00:00:00-04:00,55.335,SL hit,-1.0,loss,EEM_TwoDayBreakout_D1_99,55.44,0.10499999999999687
EEM,TwoDayBreakout_D1,2025-11-10T00:00:00-05:00,2025-11-11T00:00:00-05:00,55.515,53.81,58.925,2025-11-17T00:00:00-05:00,54.3,time stop loss,-0.7126,loss,EEM_TwoDayBreakout_D1_107,55.515,1.7049999999999983
EEM,TwoDayBreakout_D1,2025-11-11T00:00:00-05:00,2025-11-12T00:00:00-05:00,55.655,53.81,59.345,2025-11-18T00:00:00-05:00,53.81,SL hit,-1.0,loss,EEM_TwoDayBreakout_D1_108,55.655,1.8449999999999989
EEM,TwoDayBreakout_D1,2025-11-25T00:00:00-05:00,2025-11-26T00:00:00-05:00,54.11,52.38,57.57,2025-12-03T00:00:00-05:00,54.34,time stop win,0.1329,win,EEM_TwoDayBreakout_D1_118,54.11,1.7299999999999969
EEM,TwoDayBreakout_D1,2025-11-26T00:00:00-05:00,2025-11-28T00:00:00-05:00,54.16,53.125,56.23,2025-12-04T00:00:00-05:00,54.34,time stop win,0.1739,win,EEM_TwoDayBreakout_D1_119,54.16,1.0349999999999966
EEM,TwoDayBreakout_D1,2025-11-28T00:00:00-05:00,2025-12-01T00:00:00-05:00,54.16,53.215,56.05,2025-12-05T00:00:00-05:00,54.75,time stop win,0.6243,win,EEM_TwoDayBreakout_D1_120,54.16,0.9449999999999932
EEM,TwoDayBreakout_D1,2025-12-05T00:00:00-05:00,2025-12-08T00:00:00-05:00,54.865,54.06,56.475,2025-12-12T00:00:00-05:00,54.24,time stop loss,-0.7764,loss,EEM_TwoDayBreakout_D1_125,54.865,0.8049999999999997
EEM,TwoDayBreakout_D1,2025-12-10T00:00:00-05:00,2025-12-11T00:00:00-05:00,54.7,54.25,55.6,2025-12-12T00:00:00-05:00,54.25,SL hit,-1.0,loss,EEM_TwoDayBreakout_D1_128,54.7,0.45000000000000284
EEM,TwoDayBreakout_D1,2025-12-19T00:00:00-05:00,2025-12-22T00:00:00-05:00,53.98,52.58,56.78,2025-12-29T00:00:00-05:00,54.665,time stop win,0.4893,win,EEM_TwoDayBreakout_D1_135,53.98,1.3999999999999986
EEM,TwoDayBreakout_D1,2025-12-22T00:00:00-05:00,2025-12-23T00:00:00-05:00,53.97,53.155,55.6,2025-12-30T00:00:00-05:00,54.88,time stop win,1.1166,win,EEM_TwoDayBreakout_D1_136,53.97,0.8149999999999977
EEM,TwoDayBreakout_D1,2025-12-23T00:00:00-05:00,2025-12-24T00:00:00-05:00,54.41,53.505,56.22,2025-12-31T00:00:00-05:00,54.7,time stop win,0.3204,win,EEM_TwoDayBreakout_D1_137,54.41,0.904999999999994
EEM,TwoDayBreakout_D1,2025-12-24T00:00:00-05:00,2025-12-26T00:00:00-05:00,54.6,53.885,56.03,2026-01-02T00:00:00-05:00,56.03,TP hit,2.0,win,EEM_TwoDayBreakout_D1_138,54.6,0.7150000000000034
EEM,TwoDayBreakout_D1,2025-12-26T00:00:00-05:00,2025-12-29T00:00:00-05:00,54.515,53.9,55.745,2026-01-02T00:00:00-05:00,55.745,TP hit,2.0,win,EEM_TwoDayBreakout_D1_139,54.515,0.615000000000002
EEM,TwoDayBreakout_D1,2025-12-30T00:00:00-05:00,2025-12-31T00:00:00-05:00,54.9,54.435,55.83,2026-01-02T00:00:00-05:00,55.83,TP hit,2.0,win,EEM_TwoDayBreakout_D1_141,54.9,0.4649999999999963
EEM,TwoDayBreakout_D1,2026-01-02T00:00:00-05:00,2026-01-05T00:00:00-05:00,56.59,54.675,60.42,2026-01-09T00:00:00-05:00,57.13,time stop win,0.282,win,EEM_TwoDayBreakout_D1_143,56.59,1.9150000000000063
EEM,TwoDayBreakout_D1,2026-01-05T00:00:00-05:00,2026-01-06T00:00:00-05:00,57.185,54.675,62.205,2026-01-12T00:00:00-05:00,57.925,time stop win,0.2948,win,EEM_TwoDayBreakout_D1_144,57.185,2.510000000000005
EEM,TwoDayBreakout_D1,2026-01-06T00:00:00-05:00,2026-01-07T00:00:00-05:00,57.04,55.825,59.47,2026-01-13T00:00:00-05:00,57.51,time stop win,0.3868,win,EEM_TwoDayBreakout_D1_145,57.04,1.2149999999999963
EEM,TwoDayBreakout_D1,2026-01-09T00:00:00-05:00,2026-01-12T00:00:00-05:00,57.24,56.625,58.47,2026-01-16T00:00:00-05:00,57.86,time stop win,1.0081,win,EEM_TwoDayBreakout_D1_148,57.24,0.615000000000002
EEM,TwoDayBreakout_D1,2026-01-12T00:00:00-05:00,2026-01-13T00:00:00-05:00,57.755,56.625,60.015,2026-01-20T00:00:00-05:00,57.34,time stop loss,-0.3673,loss,EEM_TwoDayBreakout_D1_149,57.755,1.1300000000000026
EEM,TwoDayBreakout_D1,2026-01-15T00:00:00-05:00,2026-01-16T00:00:00-05:00,57.97,57.38,59.15,2026-01-20T00:00:00-05:00,57.38,SL hit,-1.0,loss,EEM_TwoDayBreakout_D1_152,57.97,0.5899999999999963
EEM,TwoDayBreakout_D1,2026-01-21T00:00:00-05:00,2026-01-22T00:00:00-05:00,58.7,57.24,61.62,2026-01-28T00:00:00-05:00,60.73,time stop win,1.3904,win,EEM_TwoDayBreakout_D1_155,58.7,1.4600000000000009
EEM,TwoDayBreakout_D1,2026-01-22T00:00:00-05:00,2026-01-23T00:00:00-05:00,58.55,57.24,61.17,2026-01-29T00:00:00-05:00,60.45,time stop win,1.4504,win,EEM_TwoDayBreakout_D1_156,58.55,1.3099999999999952
EEM,TwoDayBreakout_D1,2026-01-23T00:00:00-05:00,2026-01-26T00:00:00-05:00,59.05,57.92,61.31,2026-01-30T00:00:00-05:00,59.12,time stop win,0.0619,win,EEM_TwoDayBreakout_D1_157,59.05,1.1299999999999955
EEM,TwoDayBreakout_D1,2026-01-26T00:00:00-05:00,2026-01-27T00:00:00-05:00,59.965,58.44,63.015,2026-02-02T00:00:00-05:00,59.27,time stop loss,-0.4557,loss,EEM_TwoDayBreakout_D1_158,59.965,1.5250000000000057
EEM,TwoDayBreakout_D1,2026-01-27T00:00:00-05:00,2026-01-28T00:00:00-05:00,60.87,58.44,65.73,2026-02-03T00:00:00-05:00,59.605,time stop loss,-0.5206,loss,EEM_TwoDayBreakout_D1_159,60.87,2.4299999999999997
EEM,TwoDayBreakout_D1,2026-01-28T00:00:00-05:00,2026-01-29T00:00:00-05:00,60.86,59.0,64.58,2026-01-30T00:00:00-05:00,59.0,SL hit,-1.0,loss,EEM_TwoDayBreakout_D1_160,60.86,1.8599999999999994
EEM,TwoDayBreakout_D1,2026-02-06T00:00:00-05:00,2026-02-09T00:00:00-05:00,59.97,58.22,63.47,2026-02-13T00:00:00-05:00,61.12,time stop win,0.6571,win,EEM_TwoDayBreakout_D1_167,59.97,1.75
EEM,TwoDayBreakout_D1,2026-02-09T00:00:00-05:00,2026-02-10T00:00:00-05:00,60.715,58.22,65.705,2026-02-17T00:00:00-05:00,60.86,time stop win,0.0581,win,EEM_TwoDayBreakout_D1_168,60.715,2.4950000000000045
EEM,TwoDayBreakout_D1,2026-02-11T00:00:00-05:00,2026-02-12T00:00:00-05:00,61.84,59.915,65.69,2026-02-19T00:00:00-05:00,61.06,time stop loss,-0.4052,loss,EEM_TwoDayBreakout_D1_170,61.84,1.9250000000000043
EEM,TwoDayBreakout_D1,2026-02-20T00:00:00-05:00,2026-02-23T00:00:00-05:00,62.015,60.59,64.865,2026-02-27T00:00:00-05:00,62.54,time stop win,0.3684,win,EEM_TwoDayBreakout_D1_176,62.015,1.4249999999999972
EEM,TwoDayBreakout_D1,2026-02-24T00:00:00-05:00,2026-02-25T00:00:00-05:00,63.42,60.98,68.3,2026-02-27T00:00:00-05:00,62.54,time stop loss,-0.3607,loss,EEM_TwoDayBreakout_D1_178,63.42,2.440000000000005
EEM,TwoDayBreakout_D1,2026-02-25T00:00:00-05:00,2026-02-26T00:00:00-05:00,63.28,61.525,66.79,2026-02-27T00:00:00-05:00,62.54,time stop loss,-0.4217,loss,EEM_TwoDayBreakout_D1_179,63.28,1.7550000000000026
IEMG,MeanReversion_D1,2025-06-13T00:00:00-04:00,2025-06-16T00:00:00-04:00,58.735,58.575,59.055,2025-06-17T00:00:00-04:00,58.575,SL hit,-1.0,loss,IEMG_MeanReversion_D1_4,58.735,0.1599999999999966
IEMG,MeanReversion_D1,2025-06-17T00:00:00-04:00,2025-06-18T00:00:00-04:00,57.95,57.86,58.13,2025-06-18T00:00:00-04:00,57.86,SL hit,-1.0,loss,IEMG_MeanReversion_D1_6,57.95,0.09000000000000341
IEMG,MeanReversion_D1,2025-07-07T00:00:00-04:00,2025-07-08T00:00:00-04:00,60.13,59.605,61.18,2025-07-14T00:00:00-04:00,60.16,time stop win,0.0571,win,IEMG_MeanReversion_D1_18,60.13,0.5250000000000057
IEMG,MeanReversion_D1,2025-07-25T00:00:00-04:00,2025-07-28T00:00:00-04:00,61.255,61.23,61.305,2025-07-28T00:00:00-04:00,61.23,SL hit,-1.0,loss,IEMG_MeanReversion_D1_32,61.255,0.025000000000005684
IEMG,MeanReversion_D1,2025-07-28T00:00:00-04:00,2025-07-29T00:00:00-04:00,61.22,60.965,61.73,2025-07-30T00:00:00-04:00,60.965,SL hit,-1.0,loss,IEMG_MeanReversion_D1_33,61.22,0.25499999999999545
IEMG,MeanReversion_D1,2025-08-01T00:00:00-04:00,2025-08-04T00:00:00-04:00,60.6,59.7,62.4,2025-08-08T00:00:00-04:00,61.41,time stop win,0.9,win,IEMG_MeanReversion_D1_37,60.6,0.8999999999999986
IEMG,MeanReversion_D1,2025-08-11T00:00:00-04:00,2025-08-12T00:00:00-04:00,61.485,61.2,62.055,2025-08-13T00:00:00-04:00,62.055,TP hit,2.0,win,IEMG_MeanReversion_D1_43,61.485,0.2849999999999966
IEMG,MeanReversion_D1,2025-08-14T00:00:00-04:00,2025-08-15T00:00:00-04:00,62.19,61.805,62.96,2025-08-20T00:00:00-04:00,61.805,SL hit,-1.0,loss,IEMG_MeanReversion_D1_46,62.19,0.384999999999998
IEMG,MeanReversion_D1,2025-08-20T00:00:00-04:00,2025-08-21T00:00:00-04:00,61.705,61.53,62.055,2025-08-22T00:00:00-04:00,62.055,TP hit,2.0,win,IEMG_MeanReversion_D1_50,61.705,0.17499999999999716
IEMG,MeanReversion_D1,2025-08-27T00:00:00-04:00,2025-08-28T00:00:00-04:00,62.115,61.75,62.845,2025-09-02T00:00:00-04:00,61.75,SL hit,-1.0,loss,IEMG_MeanReversion_D1_55,62.115,0.365000000000002
IEMG,MeanReversion_D1,2025-09-04T00:00:00-04:00,2025-09-05T00:00:00-04:00,62.91,61.685,65.36,2025-09-11T00:00:00-04:00,64.81,time stop win,1.551,win,IEMG_MeanReversion_D1_60,62.91,1.2249999999999943
IEMG,MeanReversion_D1,2025-10-07T00:00:00-04:00,2025-10-08T00:00:00-04:00,66.85,66.685,67.18,2025-10-08T00:00:00-04:00,67.18,TP hit,2.0,win,IEMG_MeanReversion_D1_83,66.85,0.16499999999999204
IEMG,MeanReversion_D1,2025-10-09T00:00:00-04:00,2025-10-10T00:00:00-04:00,66.65,66.465,67.02,2025-10-10T00:00:00-04:00,66.465,SL hit,-1.0,loss,IEMG_MeanReversion_D1_85,66.65,0.18500000000000227
IEMG,MeanReversion_D1,2025-10-10T00:00:00-04:00,2025-10-13T00:00:00-04:00,65.985,64.075,69.805,2025-10-17T00:00:00-04:00,66.925,time stop win,0.4921,win,IEMG_MeanReversion_D1_86,65.985,1.9099999999999966
IEMG,MeanReversion_D1,2025-10-14T00:00:00-04:00,2025-10-15T00:00:00-04:00,66.53,64.91,69.77,2025-10-21T00:00:00-04:00,67.08,time stop win,0.3395,win,IEMG_MeanReversion_D1_88,66.53,1.6200000000000045
IEMG,MeanReversion_D1,2025-10-21T00:00:00-04:00,2025-10-22T00:00:00-04:00,67.25,67.08,67.59,2025-10-22T00:00:00-04:00,67.08,SL hit,-1.0,loss,IEMG_MeanReversion_D1_93,67.25,0.1700000000000017
IEMG,MeanReversion_D1,2025-10-22T00:00:00-04:00,2025-10-23T00:00:00-04:00,67.31,66.755,68.42,2025-10-27T00:00:00-04:00,68.42,TP hit,2.0,win,IEMG_MeanReversion_D1_94,67.31,0.5550000000000068
IEMG,MeanReversion_D1,2025-11-04T00:00:00-05:00,2025-11-05T00:00:00-05:00,67.48,67.46,67.52,2025-11-05T00:00:00-05:00,67.46,SL hit,-1.0,loss,IEMG_MeanReversion_D1_103,67.48,0.020000000000010232
IEMG,MeanReversion_D1,2025-11-07T00:00:00-05:00,2025-11-10T00:00:00-05:00,68.175,66.475,71.575,2025-11-14T00:00:00-05:00,67.84,time stop loss,-0.1971,loss,IEMG_MeanReversion_D1_106,68.175,1.7000000000000028
IEMG,MeanReversion_D1,2025-11-18T00:00:00-05:00,2025-11-19T00:00:00-05:00,66.415,66.28,66.685,2025-11-19T00:00:00-05:00,66.28,SL hit,-1.0,loss,IEMG_MeanReversion_D1_113,66.415,0.13500000000000512
IEMG,MeanReversion_D1,2025-11-21T00:00:00-05:00,2025-11-24T00:00:00-05:00,65.6,64.73,67.34,2025-12-01T00:00:00-05:00,67.02,time stop win,1.6322,win,IEMG_MeanReversion_D1_116,65.6,0.8699999999999903
IEMG,MeanReversion_D1,2025-12-12T00:00:00-05:00,2025-12-15T00:00:00-05:00,67.325,66.72,68.535,2025-12-16T00:00:00-05:00,66.72,SL hit,-1.0,loss,IEMG_MeanReversion_D1_130,67.325,0.605000000000004
IEMG,MeanReversion_D1,2025-12-16T00:00:00-05:00,2025-12-17T00:00:00-05:00,65.485,64.915,66.625,2025-12-17T00:00:00-05:00,64.915,SL hit,-1.0,loss,IEMG_MeanReversion_D1_132,65.485,0.5699999999999932
IEMG,MeanReversion_D1,2025-12-17T00:00:00-05:00,2025-12-18T00:00:00-05:00,65.48,64.68,67.08,2025-12-24T00:00:00-05:00,66.93,time stop win,1.8125,win,IEMG_MeanReversion_D1_133,65.48,0.7999999999999972
IEMG,MeanReversion_D1,2025-12-31T00:00:00-05:00,2026-01-02T00:00:00-05:00,68.59,67.22,71.33,2026-01-08T00:00:00-05:00,69.76,time stop win,0.854,win,IEMG_MeanReversion_D1_142,68.59,1.3700000000000045
IEMG,MeanReversion_D1,2026-01-20T00:00:00-05:00,2026-01-21T00:00:00-05:00,71.095,70.275,72.735,2026-01-26T00:00:00-05:00,72.735,TP hit,2.0,win,IEMG_MeanReversion_D1_154,71.095,0.8199999999999932
IEMG,MeanReversion_D1,2026-02-05T00:00:00-05:00,2026-02-06T00:00:00-05:00,72.695,71.56,74.965,2026-02-11T00:00:00-05:00,74.965,TP hit,2.0,win,IEMG_MeanReversion_D1_166,72.695,1.134999999999991
IEMG,MeanReversion_D1,2026-02-26T00:00:00-05:00,2026-02-27T00:00:00-05:00,76.225,76.18,76.315,2026-02-27T00:00:00-05:00,76.18,SL hit,-1.0,loss,IEMG_MeanReversion_D1_180,76.225,0.044999999999987494
IEMG,PrevDayBreakout_D1,2025-06-10T00:00:00-04:00,2025-06-11T00:00:00-04:00,59.605,58.72,61.375,2025-06-13T00:00:00-04:00,58.72,SL hit,-1.0,loss,IEMG_PrevDayBreakout_D1_1,59.605,0.884999999999998
IEMG,PrevDayBreakout_D1,2025-06-11T00:00:00-04:00,2025-06-12T00:00:00-04:00,59.48,59.02,60.4,2025-06-13T00:00:00-04:00,59.02,SL hit,-1.0,loss,IEMG_PrevDayBreakout_D1_2,59.48,0.45999999999999375
IEMG,PrevDayBreakout_D1,2025-06-24T00:00:00-04:00,2025-06-25T00:00:00-04:00,59.515,57.39,63.765,2025-07-01T00:00:00-04:00,60.095,time stop win,0.2729,win,IEMG_PrevDayBreakout_D1_10,59.515,2.125
IEMG,PrevDayBreakout_D1,2025-06-25T00:00:00-04:00,2025-06-26T00:00:00-04:00,59.8,58.94,61.52,2025-07-02T00:00:00-04:00,60.315,time stop win,0.5988,win,IEMG_PrevDayBreakout_D1_11,59.8,0.8599999999999994
IEMG,PrevDayBreakout_D1,2025-06-26T00:00:00-04:00,2025-06-27T00:00:00-04:00,59.745,59.43,60.375,2025-07-03T00:00:00-04:00,60.375,TP hit,2.0,win,IEMG_PrevDayBreakout_D1_12,59.745,0.3149999999999977
IEMG,PrevDayBreakout_D1,2025-06-30T00:00:00-04:00,2025-07-01T00:00:00-04:00,60.09,59.595,61.08,2025-07-08T00:00:00-04:00,60.1,time stop win,0.0202,win,IEMG_PrevDayBreakout_D1_14,60.09,0.49500000000000455
IEMG,PrevDayBreakout_D1,2025-07-01T00:00:00-04:00,2025-07-02T00:00:00-04:00,59.895,59.585,60.515,2025-07-03T00:00:00-04:00,60.515,TP hit,2.0,win,IEMG_PrevDayBreakout_D1_15,59.895,0.3100000000000023
IEMG,PrevDayBreakout_D1,2025-07-02T00:00:00-04:00,2025-07-03T00:00:00-04:00,60.385,59.925,61.305,2025-07-07T00:00:00-04:00,59.925,SL hit,-1.0,loss,IEMG_PrevDayBreakout_D1_16,60.385,0.46000000000000085
IEMG,PrevDayBreakout_D1,2025-07-03T00:00:00-04:00,2025-07-07T00:00:00-04:00,59.975,59.835,60.255,2025-07-07T00:00:00-04:00,59.835,SL hit,-1.0,loss,IEMG_PrevDayBreakout_D1_17,59.975,0.14000000000000057
IEMG,PrevDayBreakout_D1,2025-07-10T00:00:00-04:00,2025-07-11T00:00:00-04:00,60.105,59.91,60.495,2025-07-15T00:00:00-04:00,60.495,TP hit,2.0,win,IEMG_PrevDayBreakout_D1_21,60.105,0.19500000000000028
IEMG,PrevDayBreakout_D1,2025-07-14T00:00:00-04:00,2025-07-15T00:00:00-04:00,60.75,60.015,62.22,2025-07-21T00:00:00-04:00,61.42,time stop win,0.9116,win,IEMG_PrevDayBreakout_D1_23,60.75,0.7349999999999994
IEMG,PrevDayBreakout_D1,2025-07-15T00:00:00-04:00,2025-07-16T00:00:00-04:00,60.575,60.01,61.705,2025-07-22T00:00:00-04:00,61.38,time stop win,1.4248,win,IEMG_PrevDayBreakout_D1_24,60.575,0.5650000000000048
IEMG,PrevDayBreakout_D1,2025-07-16T00:00:00-04:00,2025-07-17T00:00:00-04:00,60.83,60.49,61.51,2025-07-21T00:00:00-04:00,61.51,TP hit,2.0,win,IEMG_PrevDayBreakout_D1_25,60.83,0.3399999999999963
IEMG,PrevDayBreakout_D1,2025-07-17T00:00:00-04:00,2025-07-18T00:00:00-04:00,61.265,60.34,63.115,2025-07-24T00:00:00-04:00,61.69,time stop win,0.4595,win,IEMG_PrevDayBreakout_D1_26,61.265,0.9249999999999972
IEMG,PrevDayBreakout_D1,2025-07-23T00:00:00-04:00,2025-07-24T00:00:00-04:00,61.83,60.96,63.57,2025-07-30T00:00:00-04:00,60.96,SL hit,-1.0,loss,IEMG_PrevDayBreakout_D1_30,61.83,0.8699999999999974
IEMG,PrevDayBreakout_D1,2025-08-04T00:00:00-04:00,2025-08-05T00:00:00-04:00,60.835,59.7,63.105,2025-08-11T00:00:00-04:00,61.26,time stop win,0.3744,win,IEMG_PrevDayBreakout_D1_38,60.835,1.134999999999998
IEMG,PrevDayBreakout_D1,2025-08-05T00:00:00-04:00,2025-08-06T00:00:00-04:00,60.815,60.37,61.705,2025-08-12T00:00:00-04:00,61.705,TP hit,2.0,win,IEMG_PrevDayBreakout_D1_39,60.815,0.4450000000000003
IEMG,PrevDayBreakout_D1,2025-08-06T00:00:00-04:00,2025-08-07T00:00:00-04:00,61.63,60.59,63.71,2025-08-13T00:00:00-04:00,62.69,time stop win,1.0192,win,IEMG_PrevDayBreakout_D1_40,61.63,1.0399999999999991
IEMG,PrevDayBreakout_D1,2025-08-07T00:00:00-04:00,2025-08-08T00:00:00-04:00,61.305,60.7,62.515,2025-08-13T00:00:00-04:00,62.515,TP hit,2.0,win,IEMG_PrevDayBreakout_D1_41,61.305,0.6049999999999969
IEMG,PrevDayBreakout_D1,2025-08-12T00:00:00-04:00,2025-08-13T00:00:00-04:00,62.65,61.2,65.55,2025-08-19T00:00:00-04:00,62.0,time stop loss,-0.4483,loss,IEMG_PrevDayBreakout_D1_44,62.65,1.4499999999999957
IEMG,PrevDayBreakout_D1,2025-08-13T00:00:00-04:00,2025-08-14T00:00:00-04:00,61.96,61.485,62.91,2025-08-20T00:00:00-04:00,61.87,time stop loss,-0.1895,loss,IEMG_PrevDayBreakout_D1_45,61.96,0.4750000000000014
IEMG,PrevDayBreakout_D1,2025-08-18T00:00:00-04:00,2025-08-19T00:00:00-04:00,62.28,62.04,62.76,2025-08-19T00:00:00-04:00,62.04,SL hit,-1.0,loss,IEMG_PrevDayBreakout_D1_48,62.28,0.240000000000002
IEMG,PrevDayBreakout_D1,2025-08-22T00:00:00-04:00,2025-08-25T00:00:00-04:00,62.805,61.66,65.095,2025-08-29T00:00:00-04:00,62.085,time stop loss,-0.6288,loss,IEMG_PrevDayBreakout_D1_52,62.805,1.1450000000000031
IEMG,PrevDayBreakout_D1,2025-08-28T00:00:00-04:00,2025-08-29T00:00:00-04:00,62.02,61.75,62.56,2025-09-02T00:00:00-04:00,61.75,SL hit,-1.0,loss,IEMG_PrevDayBreakout_D1_56,62.02,0.2700000000000031
IEMG,PrevDayBreakout_D1,2025-09-03T00:00:00-04:00,2025-09-04T00:00:00-04:00,61.855,61.405,62.755,2025-09-05T00:00:00-04:00,62.755,TP hit,2.0,win,IEMG_PrevDayBreakout_D1_59,61.855,0.44999999999999574
IEMG,PrevDayBreakout_D1,2025-09-05T00:00:00-04:00,2025-09-08T00:00:00-04:00,63.15,61.685,66.08,2025-09-12T00:00:00-04:00,64.78,time stop win,1.1126,win,IEMG_PrevDayBreakout_D1_61,63.15,1.4649999999999963
IEMG,PrevDayBreakout_D1,2025-09-08T00:00:00-04:00,2025-09-09T00:00:00-04:00,63.535,62.47,65.665,2025-09-15T00:00:00-04:00,65.245,time stop win,1.6056,win,IEMG_PrevDayBreakout_D1_62,63.535,1.0649999999999977
IEMG,PrevDayBreakout_D1,2025-09-09T00:00:00-04:00,2025-09-10T00:00:00-04:00,64.03,63.0,66.09,2025-09-16T00:00:00-04:00,65.73,time stop win,1.6505,win,IEMG_PrevDayBreakout_D1_63,64.03,1.0300000000000011
IEMG,PrevDayBreakout_D1,2025-09-10T00:00:00-04:00,2025-09-11T00:00:00-04:00,64.39,63.52,66.13,2025-09-17T00:00:00-04:00,66.13,TP hit,2.0,win,IEMG_PrevDayBreakout_D1_64,64.39,0.8699999999999974
IEMG,PrevDayBreakout_D1,2025-09-11T00:00:00-04:00,2025-09-12T00:00:00-04:00,64.82,63.965,66.53,2025-09-18T00:00:00-04:00,65.815,time stop win,1.1637,win,IEMG_PrevDayBreakout_D1_65,64.82,0.8549999999999898
IEMG,PrevDayBreakout_D1,2025-09-15T00:00:00-04:00,2025-09-16T00:00:00-04:00,65.55,64.68,67.29,2025-09-22T00:00:00-04:00,65.955,time stop win,0.4655,win,IEMG_PrevDayBreakout_D1_67,65.55,0.8699999999999903
IEMG,PrevDayBreakout_D1,2025-09-16T00:00:00-04:00,2025-09-17T00:00:00-04:00,66.03,65.08,67.93,2025-09-23T00:00:00-04:00,65.98,time stop loss,-0.0526,loss,IEMG_PrevDayBreakout_D1_68,66.03,0.9500000000000028
IEMG,PrevDayBreakout_D1,2025-09-17T00:00:00-04:00,2025-09-18T00:00:00-04:00,65.66,65.41,66.16,2025-09-23T00:00:00-04:00,66.16,TP hit,2.0,win,IEMG_PrevDayBreakout_D1_69,65.66,0.25
IEMG,PrevDayBreakout_D1,2025-09-22T00:00:00-04:00,2025-09-23T00:00:00-04:00,66.0,65.62,66.76,2025-09-25T00:00:00-04:00,65.62,SL hit,-1.0,loss,IEMG_PrevDayBreakout_D1_72,66.0,0.37999999999999545
IEMG,PrevDayBreakout_D1,2025-09-29T00:00:00-04:00,2025-09-30T00:00:00-04:00,65.86,64.78,68.02,2025-10-06T00:00:00-04:00,67.215,time stop win,1.2546,win,IEMG_PrevDayBreakout_D1_77,65.86,1.0799999999999983
IEMG,PrevDayBreakout_D1,2025-10-01T00:00:00-04:00,2025-10-02T00:00:00-04:00,66.97,65.745,69.42,2025-10-08T00:00:00-04:00,67.22,time stop win,0.2041,win,IEMG_PrevDayBreakout_D1_79,66.97,1.2249999999999943
IEMG,PrevDayBreakout_D1,2025-10-02T00:00:00-04:00,2025-10-03T00:00:00-04:00,66.98,66.255,68.43,2025-10-09T00:00:00-04:00,66.6,time stop loss,-0.5241,loss,IEMG_PrevDayBreakout_D1_80,66.98,0.7250000000000085
IEMG,PrevDayBreakout_D1,2025-10-06T00:00:00-04:00,2025-10-07T00:00:00-04:00,67.445,66.77,68.795,2025-10-07T00:00:00-04:00,66.77,SL hit,-1.0,loss,IEMG_PrevDayBreakout_D1_82,67.445,0.6749999999999972
IEMG,PrevDayBreakout_D1,2025-10-15T00:00:00-04:00,2025-10-16T00:00:00-04:00,67.11,64.91,71.51,2025-10-22T00:00:00-04:00,67.07,time stop loss,-0.0182,loss,IEMG_PrevDayBreakout_D1_89,67.11,2.200000000000003
IEMG,PrevDayBreakout_D1,2025-10-16T00:00:00-04:00,2025-10-17T00:00:00-04:00,66.52,66.15,67.26,2025-10-20T00:00:00-04:00,67.26,TP hit,2.0,win,IEMG_PrevDayBreakout_D1_90,66.52,0.36999999999999034
IEMG,PrevDayBreakout_D1,2025-10-20T00:00:00-04:00,2025-10-21T00:00:00-04:00,67.345,66.47,69.095,2025-10-27T00:00:00-04:00,68.78,time stop win,1.64,win,IEMG_PrevDayBreakout_D1_92,67.345,0.875
IEMG,PrevDayBreakout_D1,2025-10-23T00:00:00-04:00,2025-10-24T00:00:00-04:00,68.06,66.755,70.67,2025-10-30T00:00:00-04:00,68.385,time stop win,0.249,win,IEMG_PrevDayBreakout_D1_95,68.06,1.3050000000000068
IEMG,PrevDayBreakout_D1,2025-10-24T00:00:00-04:00,2025-10-27T00:00:00-04:00,68.78,67.29,71.76,2025-10-31T00:00:00-04:00,68.315,time stop loss,-0.3121,loss,IEMG_PrevDayBreakout_D1_96,68.78,1.4899999999999949
IEMG,PrevDayBreakout_D1,2025-10-27T00:00:00-04:00,2025-10-28T00:00:00-04:00,68.345,67.94,69.155,2025-10-29T00:00:00-04:00,69.155,TP hit,2.0,win,IEMG_PrevDayBreakout_D1_97,68.345,0.40500000000000114
IEMG,PrevDayBreakout_D1,2025-10-29T00:00:00-04:00,2025-10-30T00:00:00-04:00,68.405,68.31,68.595,2025-10-30T00:00:00-04:00,68.31,SL hit,-1.0,loss,IEMG_PrevDayBreakout_D1_99,68.405,0.09499999999999886
IEMG,PrevDayBreakout_D1,2025-11-05T00:00:00-05:00,2025-11-06T00:00:00-05:00,67.95,67.46,68.93,2025-11-06T00:00:00-05:00,67.46,SL hit,-1.0,loss,IEMG_PrevDayBreakout_D1_104,67.95,0.4900000000000091
IEMG,PrevDayBreakout_D1,2025-11-10T00:00:00-05:00,2025-11-11T00:00:00-05:00,68.38,66.475,72.19,2025-11-17T00:00:00-05:00,67.055,time stop loss,-0.6955,loss,IEMG_PrevDayBreakout_D1_107,68.38,1.9050000000000011
IEMG,PrevDayBreakout_D1,2025-11-11T00:00:00-05:00,2025-11-12T00:00:00-05:00,68.57,67.96,69.79,2025-11-13T00:00:00-05:00,67.96,SL hit,-1.0,loss,IEMG_PrevDayBreakout_D1_108,68.57,0.6099999999999994
IEMG,PrevDayBreakout_D1,2025-11-24T00:00:00-05:00,2025-11-25T00:00:00-05:00,66.16,64.73,69.02,2025-12-02T00:00:00-05:00,67.04,time stop win,0.6154,win,IEMG_PrevDayBreakout_D1_117,66.16,1.4299999999999926
IEMG,PrevDayBreakout_D1,2025-11-25T00:00:00-05:00,2025-11-26T00:00:00-05:00,66.74,65.6,69.02,2025-12-03T00:00:00-05:00,67.095,time stop win,0.3114,win,IEMG_PrevDayBreakout_D1_118,66.74,1.1400000000000006
IEMG,PrevDayBreakout_D1,2025-11-26T00:00:00-05:00,2025-11-28T00:00:00-05:00,66.91,65.7,69.33,2025-12-04T00:00:00-05:00,67.07,time stop win,0.1322,win,IEMG_PrevDayBreakout_D1_119,66.91,1.2099999999999937
IEMG,PrevDayBreakout_D1,2025-11-28T00:00:00-05:00,2025-12-01T00:00:00-05:00,66.88,66.59,67.46,2025-12-05T00:00:00-05:00,67.46,TP hit,2.0,win,IEMG_PrevDayBreakout_D1_120,66.88,0.28999999999999204
IEMG,PrevDayBreakout_D1,2025-12-05T00:00:00-05:00,2025-12-08T00:00:00-05:00,67.52,66.91,68.74,2025-12-12T00:00:00-05:00,66.91,SL hit,-1.0,loss,IEMG_PrevDayBreakout_D1_125,67.52,0.6099999999999994
IEMG,PrevDayBreakout_D1,2025-12-10T00:00:00-05:00,2025-12-11T00:00:00-05:00,67.425,66.965,68.345,2025-12-12T00:00:00-05:00,66.965,SL hit,-1.0,loss,IEMG_PrevDayBreakout_D1_128,67.425,0.45999999999999375
IEMG,PrevDayBreakout_D1,2025-12-19T00:00:00-05:00,2025-12-22T00:00:00-05:00,66.405,65.34,68.535,2025-12-29T00:00:00-05:00,67.21,time stop win,0.7559,win,IEMG_PrevDayBreakout_D1_135,66.405,1.0649999999999977
IEMG,PrevDayBreakout_D1,2025-12-22T00:00:00-05:00,2025-12-23T00:00:00-05:00,66.335,65.82,67.365,2025-12-26T00:00:00-05:00,67.365,TP hit,2.0,win,IEMG_PrevDayBreakout_D1_136,66.335,0.5150000000000006
IEMG,PrevDayBreakout_D1,2025-12-23T00:00:00-05:00,2025-12-24T00:00:00-05:00,66.895,66.285,68.115,2025-12-31T00:00:00-05:00,67.23,time stop win,0.5492,win,IEMG_PrevDayBreakout_D1_137,66.895,0.6099999999999994
IEMG,PrevDayBreakout_D1,2025-12-24T00:00:00-05:00,2025-12-26T00:00:00-05:00,67.12,66.33,68.7,2026-01-02T00:00:00-05:00,68.7,TP hit,2.0,win,IEMG_PrevDayBreakout_D1_138,67.12,0.7900000000000063
IEMG,PrevDayBreakout_D1,2025-12-26T00:00:00-05:00,2025-12-29T00:00:00-05:00,66.95,66.855,67.14,2025-12-29T00:00:00-05:00,67.14,TP hit,2.0,win,IEMG_PrevDayBreakout_D1_139,66.95,0.09499999999999886
IEMG,PrevDayBreakout_D1,2025-12-30T00:00:00-05:00,2025-12-31T00:00:00-05:00,67.44,66.94,68.44,2026-01-02T00:00:00-05:00,68.44,TP hit,2.0,win,IEMG_PrevDayBreakout_D1_141,67.44,0.5
IEMG,PrevDayBreakout_D1,2026-01-02T00:00:00-05:00,2026-01-05T00:00:00-05:00,69.345,67.22,73.595,2026-01-09T00:00:00-05:00,70.045,time stop win,0.3294,win,IEMG_PrevDayBreakout_D1_143,69.345,2.125
IEMG,PrevDayBreakout_D1,2026-01-05T00:00:00-05:00,2026-01-06T00:00:00-05:00,70.08,68.535,73.17,2026-01-12T00:00:00-05:00,70.945,time stop win,0.5599,win,IEMG_PrevDayBreakout_D1_144,70.08,1.5450000000000017
IEMG,PrevDayBreakout_D1,2026-01-06T00:00:00-05:00,2026-01-07T00:00:00-05:00,69.93,69.125,71.54,2026-01-13T00:00:00-05:00,70.465,time stop win,0.6646,win,IEMG_PrevDayBreakout_D1_145,69.93,0.8050000000000068
IEMG,PrevDayBreakout_D1,2026-01-09T00:00:00-05:00,2026-01-12T00:00:00-05:00,70.15,69.46,71.53,2026-01-16T00:00:00-05:00,70.92,time stop win,1.1159,win,IEMG_PrevDayBreakout_D1_148,70.15,0.6900000000000119
IEMG,PrevDayBreakout_D1,2026-01-12T00:00:00-05:00,2026-01-13T00:00:00-05:00,70.725,69.56,73.055,2026-01-20T00:00:00-05:00,70.37,time stop loss,-0.3047,loss,IEMG_PrevDayBreakout_D1_149,70.725,1.164999999999992
IEMG,PrevDayBreakout_D1,2026-01-15T00:00:00-05:00,2026-01-16T00:00:00-05:00,71.05,70.42,72.31,2026-01-20T00:00:00-05:00,70.42,SL hit,-1.0,loss,IEMG_PrevDayBreakout_D1_152,71.05,0.6299999999999955
IEMG,PrevDayBreakout_D1,2026-01-21T00:00:00-05:00,2026-01-22T00:00:00-05:00,71.895,70.275,75.135,2026-01-28T00:00:00-05:00,74.45,time stop win,1.5772,win,IEMG_PrevDayBreakout_D1_155,71.895,1.6199999999999903
IEMG,PrevDayBreakout_D1,2026-01-22T00:00:00-05:00,2026-01-23T00:00:00-05:00,71.805,71.01,73.395,2026-01-27T00:00:00-05:00,73.395,TP hit,2.0,win,IEMG_PrevDayBreakout_D1_156,71.805,0.7950000000000017
IEMG,PrevDayBreakout_D1,2026-01-23T00:00:00-05:00,2026-01-26T00:00:00-05:00,72.47,71.71,73.99,2026-01-27T00:00:00-05:00,73.99,TP hit,2.0,win,IEMG_PrevDayBreakout_D1_157,72.47,0.7600000000000051
IEMG,PrevDayBreakout_D1,2026-01-26T00:00:00-05:00,2026-01-27T00:00:00-05:00,73.45,71.655,77.04,2026-02-02T00:00:00-05:00,72.81,time stop loss,-0.3565,loss,IEMG_PrevDayBreakout_D1_158,73.45,1.7950000000000017
IEMG,PrevDayBreakout_D1,2026-01-27T00:00:00-05:00,2026-01-28T00:00:00-05:00,74.57,72.435,78.84,2026-01-30T00:00:00-05:00,72.435,SL hit,-1.0,loss,IEMG_PrevDayBreakout_D1_159,74.57,2.134999999999991
IEMG,PrevDayBreakout_D1,2026-01-28T00:00:00-05:00,2026-01-29T00:00:00-05:00,74.6,73.41,76.98,2026-01-29T00:00:00-05:00,73.41,SL hit,-1.0,loss,IEMG_PrevDayBreakout_D1_160,74.6,1.1899999999999977
IEMG,PrevDayBreakout_D1,2026-02-03T00:00:00-05:00,2026-02-04T00:00:00-05:00,73.585,71.91,76.935,2026-02-05T00:00:00-05:00,71.91,SL hit,-1.0,loss,IEMG_PrevDayBreakout_D1_164,73.585,1.6749999999999972
IEMG,PrevDayBreakout_D1,2026-02-06T00:00:00-05:00,2026-02-09T00:00:00-05:00,73.62,71.56,77.74,2026-02-13T00:00:00-05:00,74.95,time stop win,0.6456,win,IEMG_PrevDayBreakout_D1_167,73.62,2.0600000000000023
IEMG,PrevDayBreakout_D1,2026-02-09T00:00:00-05:00,2026-02-10T00:00:00-05:00,74.48,72.69,78.06,2026-02-17T00:00:00-05:00,74.69,time stop win,0.1173,win,IEMG_PrevDayBreakout_D1_168,74.48,1.7900000000000063
IEMG,PrevDayBreakout_D1,2026-02-11T00:00:00-05:00,2026-02-12T00:00:00-05:00,75.795,74.145,79.095,2026-02-13T00:00:00-05:00,74.145,SL hit,-1.0,loss,IEMG_PrevDayBreakout_D1_170,75.795,1.6500000000000057
IEMG,PrevDayBreakout_D1,2026-02-18T00:00:00-05:00,2026-02-19T00:00:00-05:00,74.63,73.89,76.11,2026-02-20T00:00:00-05:00,76.11,TP hit,2.0,win,IEMG_PrevDayBreakout_D1_174,74.63,0.7399999999999949
IEMG,PrevDayBreakout_D1,2026-02-20T00:00:00-05:00,2026-02-23T00:00:00-05:00,76.065,74.37,79.455,2026-02-27T00:00:00-05:00,76.735,time stop win,0.3953,win,IEMG_PrevDayBreakout_D1_176,76.065,1.6949999999999932
IEMG,PrevDayBreakout_D1,2026-02-24T00:00:00-05:00,2026-02-25T00:00:00-05:00,77.655,75.51,81.945,2026-02-27T00:00:00-05:00,76.735,time stop loss,-0.4289,loss,IEMG_PrevDayBreakout_D1_178,77.655,2.144999999999996
IEMG,PrevDayBreakout_D1,2026-02-25T00:00:00-05:00,2026-02-26T00:00:00-05:00,77.515,76.175,80.195,2026-02-27T00:00:00-05:00,76.175,SL hit,-1.0,loss,IEMG_PrevDayBreakout_D1_179,77.515,1.3400000000000034
IEMG,TwoDayBreakout_D1,2025-06-11T00:00:00-04:00,2025-06-12T00:00:00-04:00,59.48,58.72,61.0,2025-06-13T00:00:00-04:00,58.72,SL hit,-1.0,loss,IEMG_TwoDayBreakout_D1_2,59.48,0.759999999999998
IEMG,TwoDayBreakout_D1,2025-06-24T00:00:00-04:00,2025-06-25T00:00:00-04:00,59.515,57.39,63.765,2025-07-01T00:00:00-04:00,60.095,time stop win,0.2729,win,IEMG_TwoDayBreakout_D1_10,59.515,2.125
IEMG,TwoDayBreakout_D1,2025-06-25T00:00:00-04:00,2025-06-26T00:00:00-04:00,59.8,57.39,64.62,2025-07-02T00:00:00-04:00,60.315,time stop win,0.2137,win,IEMG_TwoDayBreakout_D1_11,59.8,2.4099999999999966
IEMG,TwoDayBreakout_D1,2025-06-26T00:00:00-04:00,2025-06-27T00:00:00-04:00,59.745,58.94,61.355,2025-07-03T00:00:00-04:00,60.615,time stop win,1.0807,win,IEMG_TwoDayBreakout_D1_12,59.745,0.8049999999999997
IEMG,TwoDayBreakout_D1,2025-07-01T00:00:00-04:00,2025-07-02T00:00:00-04:00,59.895,59.585,60.515,2025-07-03T00:00:00-04:00,60.515,TP hit,2.0,win,IEMG_TwoDayBreakout_D1_15,59.895,0.3100000000000023
IEMG,TwoDayBreakout_D1,2025-07-02T00:00:00-04:00,2025-07-03T00:00:00-04:00,60.385,59.585,61.985,2025-07-10T00:00:00-04:00,60.22,time stop loss,-0.2062,loss,IEMG_TwoDayBreakout_D1_16,60.385,0.7999999999999972
IEMG,TwoDayBreakout_D1,2025-07-03T00:00:00-04:00,2025-07-07T00:00:00-04:00,59.975,59.835,60.255,2025-07-07T00:00:00-04:00,59.835,SL hit,-1.0,loss,IEMG_TwoDayBreakout_D1_17,59.975,0.14000000000000057
IEMG,TwoDayBreakout_D1,2025-07-10T00:00:00-04:00,2025-07-11T00:00:00-04:00,60.105,59.91,60.495,2025-07-15T00:00:00-04:00,60.495,TP hit,2.0,win,IEMG_TwoDayBreakout_D1_21,60.105,0.19500000000000028
IEMG,TwoDayBreakout_D1,2025-07-15T00:00:00-04:00,2025-07-16T00:00:00-04:00,60.575,60.01,61.705,2025-07-22T00:00:00-04:00,61.38,time stop win,1.4248,win,IEMG_TwoDayBreakout_D1_24,60.575,0.5650000000000048
IEMG,TwoDayBreakout_D1,2025-07-16T00:00:00-04:00,2025-07-17T00:00:00-04:00,60.83,60.01,62.47,2025-07-23T00:00:00-04:00,62.01,time stop win,1.439,win,IEMG_TwoDayBreakout_D1_25,60.83,0.8200000000000003
IEMG,TwoDayBreakout_D1,2025-07-17T00:00:00-04:00,2025-07-18T00:00:00-04:00,61.265,60.34,63.115,2025-07-24T00:00:00-04:00,61.69,time stop win,0.4595,win,IEMG_TwoDayBreakout_D1_26,61.265,0.9249999999999972
IEMG,TwoDayBreakout_D1,2025-07-23T00:00:00-04:00,2025-07-24T00:00:00-04:00,61.83,60.96,63.57,2025-07-30T00:00:00-04:00,60.96,SL hit,-1.0,loss,IEMG_TwoDayBreakout_D1_30,61.83,0.8699999999999974
IEMG,TwoDayBreakout_D1,2025-08-05T00:00:00-04:00,2025-08-06T00:00:00-04:00,60.815,59.7,63.045,2025-08-12T00:00:00-04:00,62.03,time stop win,1.0897,win,IEMG_TwoDayBreakout_D1_39,60.815,1.1149999999999949
IEMG,TwoDayBreakout_D1,2025-08-06T00:00:00-04:00,2025-08-07T00:00:00-04:00,61.63,60.37,64.15,2025-08-13T00:00:00-04:00,62.69,time stop win,0.8413,win,IEMG_TwoDayBreakout_D1_40,61.63,1.2600000000000051
IEMG,TwoDayBreakout_D1,2025-08-07T00:00:00-04:00,2025-08-08T00:00:00-04:00,61.305,60.59,62.735,2025-08-13T00:00:00-04:00,62.735,TP hit,2.0,win,IEMG_TwoDayBreakout_D1_41,61.305,0.7149999999999963
IEMG,TwoDayBreakout_D1,2025-08-12T00:00:00-04:00,2025-08-13T00:00:00-04:00,62.65,61.2,65.55,2025-08-19T00:00:00-04:00,62.0,time stop loss,-0.4483,loss,IEMG_TwoDayBreakout_D1_44,62.65,1.4499999999999957
IEMG,TwoDayBreakout_D1,2025-08-13T00:00:00-04:00,2025-08-14T00:00:00-04:00,61.96,61.2,63.48,2025-08-20T00:00:00-04:00,61.87,time stop loss,-0.1184,loss,IEMG_TwoDayBreakout_D1_45,61.96,0.759999999999998
IEMG,TwoDayBreakout_D1,2025-08-18T00:00:00-04:00,2025-08-19T00:00:00-04:00,62.28,61.805,63.23,2025-08-20T00:00:00-04:00,61.805,SL hit,-1.0,loss,IEMG_TwoDayBreakout_D1_48,62.28,0.4750000000000014
IEMG,TwoDayBreakout_D1,2025-08-22T00:00:00-04:00,2025-08-25T00:00:00-04:00,62.805,61.53,65.355,2025-08-29T00:00:00-04:00,62.085,time stop loss,-0.5647,loss,IEMG_TwoDayBreakout_D1_52,62.805,1.2749999999999986
IEMG,TwoDayBreakout_D1,2025-09-03T00:00:00-04:00,2025-09-04T00:00:00-04:00,61.855,61.405,62.755,2025-09-05T00:00:00-04:00,62.755,TP hit,2.0,win,IEMG_TwoDayBreakout_D1_59,61.855,0.44999999999999574
IEMG,TwoDayBreakout_D1,2025-09-05T00:00:00-04:00,2025-09-08T00:00:00-04:00,63.15,61.685,66.08,2025-09-12T00:00:00-04:00,64.78,time stop win,1.1126,win,IEMG_TwoDayBreakout_D1_61,63.15,1.4649999999999963
IEMG,TwoDayBreakout_D1,2025-09-08T00:00:00-04:00,2025-09-09T00:00:00-04:00,63.535,61.685,67.235,2025-09-15T00:00:00-04:00,65.245,time stop win,0.9243,win,IEMG_TwoDayBreakout_D1_62,63.535,1.8499999999999943
IEMG,TwoDayBreakout_D1,2025-09-09T00:00:00-04:00,2025-09-10T00:00:00-04:00,64.03,62.47,67.15,2025-09-16T00:00:00-04:00,65.73,time stop win,1.0897,win,IEMG_TwoDayBreakout_D1_63,64.03,1.5600000000000023
IEMG,TwoDayBreakout_D1,2025-09-10T00:00:00-04:00,2025-09-11T00:00:00-04:00,64.39,63.0,67.17,2025-09-17T00:00:00-04:00,65.98,time stop win,1.1439,win,IEMG_TwoDayBreakout_D1_64,64.39,1.3900000000000006
IEMG,TwoDayBreakout_D1,2025-09-11T00:00:00-04:00,2025-09-12T00:00:00-04:00,64.82,63.52,67.42,2025-09-18T00:00:00-04:00,65.815,time stop win,0.7654,win,IEMG_TwoDayBreakout_D1_65,64.82,1.29999999999999
IEMG,TwoDayBreakout_D1,2025-09-15T00:00:00-04:00,2025-09-16T00:00:00-04:00,65.55,64.36,67.93,2025-09-22T00:00:00-04:00,65.955,time stop win,0.3403,win,IEMG_TwoDayBreakout_D1_67,65.55,1.1899999999999977
IEMG,TwoDayBreakout_D1,2025-09-16T00:00:00-04:00,2025-09-17T00:00:00-04:00,66.03,64.68,68.73,2025-09-23T00:00:00-04:00,65.98,time stop loss,-0.037,loss,IEMG_TwoDayBreakout_D1_68,66.03,1.3499999999999943
IEMG,TwoDayBreakout_D1,2025-09-17T00:00:00-04:00,2025-09-18T00:00:00-04:00,65.66,65.08,66.82,2025-09-24T00:00:00-04:00,65.71,time stop win,0.0862,win,IEMG_TwoDayBreakout_D1_69,65.66,0.5799999999999983
IEMG,TwoDayBreakout_D1,2025-09-22T00:00:00-04:00,2025-09-23T00:00:00-04:00,66.0,65.455,67.09,2025-09-25T00:00:00-04:00,65.455,SL hit,-1.0,loss,IEMG_TwoDayBreakout_D1_72,66.0,0.5450000000000017
IEMG,TwoDayBreakout_D1,2025-09-29T00:00:00-04:00,2025-09-30T00:00:00-04:00,65.86,64.78,68.02,2025-10-06T00:00:00-04:00,67.215,time stop win,1.2546,win,IEMG_TwoDayBreakout_D1_77,65.86,1.0799999999999983
IEMG,TwoDayBreakout_D1,2025-10-01T00:00:00-04:00,2025-10-02T00:00:00-04:00,66.97,65.67,69.57,2025-10-08T00:00:00-04:00,67.22,time stop win,0.1923,win,IEMG_TwoDayBreakout_D1_79,66.97,1.2999999999999972
IEMG,TwoDayBreakout_D1,2025-10-02T00:00:00-04:00,2025-10-03T00:00:00-04:00,66.98,65.745,69.45,2025-10-09T00:00:00-04:00,66.6,time stop loss,-0.3077,loss,IEMG_TwoDayBreakout_D1_80,66.98,1.2349999999999994
IEMG,TwoDayBreakout_D1,2025-10-06T00:00:00-04:00,2025-10-07T00:00:00-04:00,67.445,66.525,69.285,2025-10-09T00:00:00-04:00,66.525,SL hit,-1.0,loss,IEMG_TwoDayBreakout_D1_82,67.445,0.9199999999999875
IEMG,TwoDayBreakout_D1,2025-10-15T00:00:00-04:00,2025-10-16T00:00:00-04:00,67.11,64.91,71.51,2025-10-22T00:00:00-04:00,67.07,time stop loss,-0.0182,loss,IEMG_TwoDayBreakout_D1_89,67.11,2.200000000000003
IEMG,TwoDayBreakout_D1,2025-10-16T00:00:00-04:00,2025-10-17T00:00:00-04:00,66.52,64.91,69.74,2025-10-23T00:00:00-04:00,67.62,time stop win,0.6832,win,IEMG_TwoDayBreakout_D1_90,66.52,1.6099999999999994
IEMG,TwoDayBreakout_D1,2025-10-20T00:00:00-04:00,2025-10-21T00:00:00-04:00,67.345,66.47,69.095,2025-10-27T00:00:00-04:00,68.78,time stop win,1.64,win,IEMG_TwoDayBreakout_D1_92,67.345,0.875
IEMG,TwoDayBreakout_D1,2025-10-23T00:00:00-04:00,2025-10-24T00:00:00-04:00,68.06,66.755,70.67,2025-10-30T00:00:00-04:00,68.385,time stop win,0.249,win,IEMG_TwoDayBreakout_D1_95,68.06,1.3050000000000068
IEMG,TwoDayBreakout_D1,2025-10-24T00:00:00-04:00,2025-10-27T00:00:00-04:00,68.78,66.755,72.83,2025-10-31T00:00:00-04:00,68.315,time stop loss,-0.2296,loss,IEMG_TwoDayBreakout_D1_96,68.78,2.0250000000000057
IEMG,TwoDayBreakout_D1,2025-10-27T00:00:00-04:00,2025-10-28T00:00:00-04:00,68.345,67.29,70.455,2025-11-03T00:00:00-05:00,68.73,time stop win,0.3649,win,IEMG_TwoDayBreakout_D1_97,68.345,1.0549999999999926
IEMG,TwoDayBreakout_D1,2025-10-29T00:00:00-04:00,2025-10-30T00:00:00-04:00,68.405,68.31,68.595,2025-10-30T00:00:00-04:00,68.31,SL hit,-1.0,loss,IEMG_TwoDayBreakout_D1_99,68.405,0.09499999999999886
IEMG,TwoDayBreakout_D1,2025-11-10T00:00:00-05:00,2025-11-11T00:00:00-05:00,68.38,66.475,72.19,2025-11-17T00:00:00-05:00,67.055,time stop loss,-0.6955,loss,IEMG_TwoDayBreakout_D1_107,68.38,1.9050000000000011
IEMG,TwoDayBreakout_D1,2025-11-11T00:00:00-05:00,2025-11-12T00:00:00-05:00,68.57,66.475,72.76,2025-11-18T00:00:00-05:00,66.475,SL hit,-1.0,loss,IEMG_TwoDayBreakout_D1_108,68.57,2.094999999999999
IEMG,TwoDayBreakout_D1,2025-11-25T00:00:00-05:00,2025-11-26T00:00:00-05:00,66.74,64.73,70.76,2025-12-03T00:00:00-05:00,67.095,time stop win,0.1766,win,IEMG_TwoDayBreakout_D1_118,66.74,2.009999999999991
IEMG,TwoDayBreakout_D1,2025-11-26T00:00:00-05:00,2025-11-28T00:00:00-05:00,66.91,65.6,69.53,2025-12-04T00:00:00-05:00,67.07,time stop win,0.1221,win,IEMG_TwoDayBreakout_D1_119,66.91,1.3100000000000023
IEMG,TwoDayBreakout_D1,2025-11-28T00:00:00-05:00,2025-12-01T00:00:00-05:00,66.88,65.7,69.24,2025-12-05T00:00:00-05:00,67.46,time stop win,0.4915,win,IEMG_TwoDayBreakout_D1_120,66.88,1.1799999999999926
IEMG,TwoDayBreakout_D1,2025-12-05T00:00:00-05:00,2025-12-08T00:00:00-05:00,67.52,66.74,69.08,2025-12-12T00:00:00-05:00,66.74,SL hit,-1.0,loss,IEMG_TwoDayBreakout_D1_125,67.52,0.7800000000000011
IEMG,TwoDayBreakout_D1,2025-12-10T00:00:00-05:00,2025-12-11T00:00:00-05:00,67.425,66.965,68.345,2025-12-12T00:00:00-05:00,66.965,SL hit,-1.0,loss,IEMG_TwoDayBreakout_D1_128,67.425,0.45999999999999375
IEMG,TwoDayBreakout_D1,2025-12-19T00:00:00-05:00,2025-12-22T00:00:00-05:00,66.405,64.68,69.855,2025-12-29T00:00:00-05:00,67.21,time stop win,0.4667,win,IEMG_TwoDayBreakout_D1_135,66.405,1.7249999999999943
IEMG,TwoDayBreakout_D1,2025-12-22T00:00:00-05:00,2025-12-23T00:00:00-05:00,66.335,65.34,68.325,2025-12-30T00:00:00-05:00,67.4,time stop win,1.0704,win,IEMG_TwoDayBreakout_D1_136,66.335,0.9949999999999903
IEMG,TwoDayBreakout_D1,2025-12-23T00:00:00-05:00,2025-12-24T00:00:00-05:00,66.895,65.82,69.045,2025-12-31T00:00:00-05:00,67.23,time stop win,0.3116,win,IEMG_TwoDayBreakout_D1_137,66.895,1.0750000000000028
IEMG,TwoDayBreakout_D1,2025-12-24T00:00:00-05:00,2025-12-26T00:00:00-05:00,67.12,66.285,68.79,2026-01-02T00:00:00-05:00,68.79,TP hit,2.0,win,IEMG_TwoDayBreakout_D1_138,67.12,0.835000000000008
IEMG,TwoDayBreakout_D1,2025-12-26T00:00:00-05:00,2025-12-29T00:00:00-05:00,66.95,66.33,68.19,2026-01-02T00:00:00-05:00,68.19,TP hit,2.0,win,IEMG_TwoDayBreakout_D1_139,66.95,0.6200000000000045
IEMG,TwoDayBreakout_D1,2025-12-30T00:00:00-05:00,2025-12-31T00:00:00-05:00,67.44,66.94,68.44,2026-01-02T00:00:00-05:00,68.44,TP hit,2.0,win,IEMG_TwoDayBreakout_D1_141,67.44,0.5
IEMG,TwoDayBreakout_D1,2026-01-02T00:00:00-05:00,2026-01-05T00:00:00-05:00,69.345,67.22,73.595,2026-01-09T00:00:00-05:00,70.045,time stop win,0.3294,win,IEMG_TwoDayBreakout_D1_143,69.345,2.125
IEMG,TwoDayBreakout_D1,2026-01-05T00:00:00-05:00,2026-01-06T00:00:00-05:00,70.08,67.22,75.8,2026-01-12T00:00:00-05:00,70.945,time stop win,0.3024,win,IEMG_TwoDayBreakout_D1_144,70.08,2.8599999999999994
IEMG,TwoDayBreakout_D1,2026-01-06T00:00:00-05:00,2026-01-07T00:00:00-05:00,69.93,68.535,72.72,2026-01-13T00:00:00-05:00,70.465,time stop win,0.3835,win,IEMG_TwoDayBreakout_D1_145,69.93,1.3950000000000102
IEMG,TwoDayBreakout_D1,2026-01-09T00:00:00-05:00,2026-01-12T00:00:00-05:00,70.15,69.46,71.53,2026-01-16T00:00:00-05:00,70.92,time stop win,1.1159,win,IEMG_TwoDayBreakout_D1_148,70.15,0.6900000000000119
IEMG,TwoDayBreakout_D1,2026-01-12T00:00:00-05:00,2026-01-13T00:00:00-05:00,70.725,69.46,73.255,2026-01-20T00:00:00-05:00,70.37,time stop loss,-0.2806,loss,IEMG_TwoDayBreakout_D1_149,70.725,1.2650000000000006
IEMG,TwoDayBreakout_D1,2026-01-15T00:00:00-05:00,2026-01-16T00:00:00-05:00,71.05,70.33,72.49,2026-01-20T00:00:00-05:00,70.33,SL hit,-1.0,loss,IEMG_TwoDayBreakout_D1_152,71.05,0.7199999999999989
IEMG,TwoDayBreakout_D1,2026-01-21T00:00:00-05:00,2026-01-22T00:00:00-05:00,71.895,70.275,75.135,2026-01-28T00:00:00-05:00,74.45,time stop win,1.5772,win,IEMG_TwoDayBreakout_D1_155,71.895,1.6199999999999903
IEMG,TwoDayBreakout_D1,2026-01-22T00:00:00-05:00,2026-01-23T00:00:00-05:00,71.805,70.275,74.865,2026-01-29T00:00:00-05:00,74.1,time stop win,1.5,win,IEMG_TwoDayBreakout_D1_156,71.805,1.5300000000000011
IEMG,TwoDayBreakout_D1,2026-01-23T00:00:00-05:00,2026-01-26T00:00:00-05:00,72.47,71.01,75.39,2026-01-30T00:00:00-05:00,72.59,time stop win,0.0822,win,IEMG_TwoDayBreakout_D1_157,72.47,1.4599999999999937
IEMG,TwoDayBreakout_D1,2026-01-26T00:00:00-05:00,2026-01-27T00:00:00-05:00,73.45,71.655,77.04,2026-02-02T00:00:00-05:00,72.81,time stop loss,-0.3565,loss,IEMG_TwoDayBreakout_D1_158,73.45,1.7950000000000017
IEMG,TwoDayBreakout_D1,2026-01-27T00:00:00-05:00,2026-01-28T00:00:00-05:00,74.57,71.655,80.4,2026-02-03T00:00:00-05:00,73.17,time stop loss,-0.4803,loss,IEMG_TwoDayBreakout_D1_159,74.57,2.914999999999992
IEMG,TwoDayBreakout_D1,2026-01-28T00:00:00-05:00,2026-01-29T00:00:00-05:00,74.6,72.435,78.93,2026-01-30T00:00:00-05:00,72.435,SL hit,-1.0,loss,IEMG_TwoDayBreakout_D1_160,74.6,2.164999999999992
IEMG,TwoDayBreakout_D1,2026-02-06T00:00:00-05:00,2026-02-09T00:00:00-05:00,73.62,71.56,77.74,2026-02-13T00:00:00-05:00,74.95,time stop win,0.6456,win,IEMG_TwoDayBreakout_D1_167,73.62,2.0600000000000023
IEMG,TwoDayBreakout_D1,2026-02-09T00:00:00-05:00,2026-02-10T00:00:00-05:00,74.48,71.56,80.32,2026-02-17T00:00:00-05:00,74.69,time stop win,0.0719,win,IEMG_TwoDayBreakout_D1_168,74.48,2.9200000000000017
IEMG,TwoDayBreakout_D1,2026-02-11T00:00:00-05:00,2026-02-12T00:00:00-05:00,75.795,73.55,80.285,2026-02-19T00:00:00-05:00,74.93,time stop loss,-0.3853,loss,IEMG_TwoDayBreakout_D1_170,75.795,2.2450000000000045
IEMG,TwoDayBreakout_D1,2026-02-18T00:00:00-05:00,2026-02-19T00:00:00-05:00,74.63,73.8,76.29,2026-02-20T00:00:00-05:00,76.29,TP hit,2.0,win,IEMG_TwoDayBreakout_D1_174,74.63,0.8299999999999983
IEMG,TwoDayBreakout_D1,2026-02-20T00:00:00-05:00,2026-02-23T00:00:00-05:00,76.065,74.37,79.455,2026-02-27T00:00:00-05:00,76.735,time stop win,0.3953,win,IEMG_TwoDayBreakout_D1_176,76.065,1.6949999999999932
IEMG,TwoDayBreakout_D1,2026-02-24T00:00:00-05:00,2026-02-25T00:00:00-05:00,77.655,74.775,83.415,2026-02-27T00:00:00-05:00,76.735,time stop loss,-0.3194,loss,IEMG_TwoDayBreakout_D1_178,77.655,2.8799999999999955
IEMG,TwoDayBreakout_D1,2026-02-25T00:00:00-05:00,2026-02-26T00:00:00-05:00,77.515,75.51,81.525,2026-02-27T00:00:00-05:00,76.735,time stop loss,-0.389,loss,IEMG_TwoDayBreakout_D1_179,77.515,2.0049999999999955
IWD,MeanReversion_D1,2025-06-13T00:00:00-04:00,2025-06-16T00:00:00-04:00,190.405,189.41,192.395,2025-06-17T00:00:00-04:00,189.41,SL hit,-1.0,loss,IWD_MeanReversion_D1_4,190.405,0.9950000000000045
IWD,MeanReversion_D1,2025-06-17T00:00:00-04:00,2025-06-18T00:00:00-04:00,188.78,188.63,189.08,2025-06-18T00:00:00-04:00,189.08,TP hit,2.0,win,IWD_MeanReversion_D1_6,188.78,0.15000000000000568
IWD,MeanReversion_D1,2025-06-25T00:00:00-04:00,2025-06-26T00:00:00-04:00,192.16,191.325,193.83,2025-06-27T00:00:00-04:00,193.83,TP hit,2.0,win,IWD_MeanReversion_D1_11,192.16,0.835000000000008
IWD,MeanReversion_D1,2025-07-07T00:00:00-04:00,2025-07-08T00:00:00-04:00,195.7,195.04,197.02,2025-07-10T00:00:00-04:00,197.02,TP hit,2.0,win,IWD_MeanReversion_D1_18,195.7,0.6599999999999966
IWD,MeanReversion_D1,2025-07-15T00:00:00-04:00,2025-07-16T00:00:00-04:00,194.695,194.09,195.905,2025-07-16T00:00:00-04:00,194.09,SL hit,-1.0,loss,IWD_MeanReversion_D1_24,194.695,0.6049999999999898
IWD,MeanReversion_D1,2025-07-30T00:00:00-04:00,2025-07-31T00:00:00-04:00,196.735,196.21,197.785,2025-07-31T00:00:00-04:00,196.21,SL hit,-1.0,loss,IWD_MeanReversion_D1_35,196.735,0.5250000000000057
IWD,MeanReversion_D1,2025-08-01T00:00:00-04:00,2025-08-04T00:00:00-04:00,193.74,191.81,197.6,2025-08-08T00:00:00-04:00,195.56,time stop win,0.943,win,IWD_MeanReversion_D1_37,193.74,1.9300000000000068
IWD,MeanReversion_D1,2025-08-18T00:00:00-04:00,2025-08-19T00:00:00-04:00,198.39,198.11,198.95,2025-08-19T00:00:00-04:00,198.95,TP hit,2.0,win,IWD_MeanReversion_D1_48,198.39,0.2799999999999727
IWD,MeanReversion_D1,2025-09-02T00:00:00-04:00,2025-09-03T00:00:00-04:00,200.635,199.23,203.445,2025-09-09T00:00:00-04:00,201.7,time stop win,0.758,win,IWD_MeanReversion_D1_58,200.635,1.4050000000000011
IWD,MeanReversion_D1,2025-09-16T00:00:00-04:00,2025-09-17T00:00:00-04:00,201.95,200.99,203.87,2025-09-17T00:00:00-04:00,200.99,SL hit,-1.0,loss,IWD_MeanReversion_D1_68,201.95,0.9599999999999795
IWD,MeanReversion_D1,2025-09-25T00:00:00-04:00,2025-09-26T00:00:00-04:00,202.39,200.545,206.08,2025-10-02T00:00:00-04:00,204.05,time stop win,0.8997,win,IWD_MeanReversion_D1_75,202.39,1.8449999999999989
IWD,MeanReversion_D1,2025-10-07T00:00:00-04:00,2025-10-08T00:00:00-04:00,204.485,204.15,205.155,2025-10-08T00:00:00-04:00,204.15,SL hit,-1.0,loss,IWD_MeanReversion_D1_83,204.485,0.33500000000000796
IWD,MeanReversion_D1,2025-10-09T00:00:00-04:00,2025-10-10T00:00:00-04:00,204.03,203.315,205.46,2025-10-10T00:00:00-04:00,203.315,SL hit,-1.0,loss,IWD_MeanReversion_D1_85,204.03,0.7150000000000034
IWD,MeanReversion_D1,2025-10-10T00:00:00-04:00,2025-10-13T00:00:00-04:00,201.15,199.425,204.6,2025-10-15T00:00:00-04:00,204.6,TP hit,2.0,win,IWD_MeanReversion_D1_86,201.15,1.7249999999999943
IWD,MeanReversion_D1,2025-10-16T00:00:00-04:00,2025-10-17T00:00:00-04:00,201.84,201.23,203.06,2025-10-17T00:00:00-04:00,203.06,TP hit,2.0,win,IWD_MeanReversion_D1_90,201.84,0.6100000000000136
IWD,MeanReversion_D1,2025-10-22T00:00:00-04:00,2025-10-23T00:00:00-04:00,204.75,203.42,207.41,2025-10-27T00:00:00-04:00,207.41,TP hit,2.0,win,IWD_MeanReversion_D1_94,204.75,1.3300000000000125
IWD,MeanReversion_D1,2025-10-30T00:00:00-04:00,2025-10-31T00:00:00-04:00,203.81,203.695,204.04,2025-10-31T00:00:00-04:00,203.695,SL hit,-1.0,loss,IWD_MeanReversion_D1_100,203.81,0.1150000000000091
IWD,MeanReversion_D1,2025-11-14T00:00:00-05:00,2025-11-17T00:00:00-05:00,204.72,203.74,206.68,2025-11-17T00:00:00-05:00,203.74,SL hit,-1.0,loss,IWD_MeanReversion_D1_111,204.72,0.9799999999999898
IWD,MeanReversion_D1,2025-11-20T00:00:00-05:00,2025-11-21T00:00:00-05:00,200.97,199.84,203.23,2025-11-21T00:00:00-05:00,203.23,TP hit,2.0,win,IWD_MeanReversion_D1_115,200.97,1.1299999999999955
IWD,MeanReversion_D1,2025-12-01T00:00:00-05:00,2025-12-02T00:00:00-05:00,208.845,208.41,209.715,2025-12-02T00:00:00-05:00,208.41,SL hit,-1.0,loss,IWD_MeanReversion_D1_121,208.845,0.4350000000000023
IWD,MeanReversion_D1,2025-12-08T00:00:00-05:00,2025-12-09T00:00:00-05:00,209.16,208.83,209.82,2025-12-09T00:00:00-05:00,208.83,SL hit,-1.0,loss,IWD_MeanReversion_D1_126,209.16,0.3299999999999841
IWD,MeanReversion_D1,2025-12-09T00:00:00-05:00,2025-12-10T00:00:00-05:00,208.83,208.6,209.29,2025-12-10T00:00:00-05:00,209.29,TP hit,2.0,win,IWD_MeanReversion_D1_127,208.83,0.2300000000000182
IWD,MeanReversion_D1,2025-12-16T00:00:00-05:00,2025-12-17T00:00:00-05:00,209.67,208.67,211.67,2025-12-17T00:00:00-05:00,208.67,SL hit,-1.0,loss,IWD_MeanReversion_D1_132,209.67,1.0
IWD,MeanReversion_D1,2025-12-31T00:00:00-05:00,2026-01-02T00:00:00-05:00,211.11,210.28,212.77,2026-01-02T00:00:00-05:00,210.28,SL hit,-1.0,loss,IWD_MeanReversion_D1_142,211.11,0.8300000000000125
IWD,MeanReversion_D1,2026-01-07T00:00:00-05:00,2026-01-08T00:00:00-05:00,214.23,214.18,214.33,2026-01-08T00:00:00-05:00,214.33,TP hit,2.0,win,IWD_MeanReversion_D1_146,214.23,0.04999999999998295
IWD,MeanReversion_D1,2026-01-20T00:00:00-05:00,2026-01-21T00:00:00-05:00,216.92,215.57,219.62,2026-01-21T00:00:00-05:00,219.62,TP hit,2.0,win,IWD_MeanReversion_D1_154,216.92,1.3499999999999943
IWD,MeanReversion_D1,2026-01-23T00:00:00-05:00,2026-01-26T00:00:00-05:00,219.3,217.86,222.18,2026-01-30T00:00:00-05:00,219.905,time stop win,0.4201,win,IWD_MeanReversion_D1_157,219.3,1.4399999999999977
IWD,MeanReversion_D1,2026-02-05T00:00:00-05:00,2026-02-06T00:00:00-05:00,222.045,220.08,225.975,2026-02-12T00:00:00-05:00,225.975,TP hit,2.0,win,IWD_MeanReversion_D1_166,222.045,1.964999999999975
IWD,MeanReversion_D1,2026-02-12T00:00:00-05:00,2026-02-13T00:00:00-05:00,222.305,221.97,222.975,2026-02-13T00:00:00-05:00,221.97,SL hit,-1.0,loss,IWD_MeanReversion_D1_171,222.305,0.33500000000000796
IWD,MeanReversion_D1,2026-02-23T00:00:00-05:00,2026-02-24T00:00:00-05:00,223.015,222.35,224.345,2026-02-24T00:00:00-05:00,224.345,TP hit,2.0,win,IWD_MeanReversion_D1_177,223.015,0.664999999999992
IWM,PrevDayBreakout_D1,2025-06-10T00:00:00-04:00,2025-06-11T00:00:00-04:00,215.48,212.58,221.28,2025-06-12T00:00:00-04:00,212.58,SL hit,-1.0,loss,IWM_PrevDayBreakout_D1_1,215.48,2.8999999999999773
IWM,PrevDayBreakout_D1,2025-06-23T00:00:00-04:00,2025-06-24T00:00:00-04:00,213.32,208.47,223.02,2025-06-30T00:00:00-04:00,215.84,time stop win,0.5196,win,IWM_PrevDayBreakout_D1_9,213.32,4.849999999999994
IWM,PrevDayBreakout_D1,2025-06-24T00:00:00-04:00,2025-06-25T00:00:00-04:00,214.71,206.83,230.47,2025-07-01T00:00:00-04:00,218.02,time stop win,0.4201,win,IWM_PrevDayBreakout_D1_10,214.71,7.8799999999999955
IWM,PrevDayBreakout_D1,2025-06-26T00:00:00-04:00,2025-06-27T00:00:00-04:00,216.04,211.895,224.33,2025-07-03T00:00:00-04:00,222.97,time stop win,1.6719,win,IWM_PrevDayBreakout_D1_12,216.04,4.144999999999982
IWM,PrevDayBreakout_D1,2025-07-01T00:00:00-04:00,2025-07-02T00:00:00-04:00,218.23,215.41,223.87,2025-07-09T00:00:00-04:00,223.64,time stop win,1.9184,win,IWM_PrevDayBreakout_D1_15,218.23,2.819999999999993
IWM,PrevDayBreakout_D1,2025-07-02T00:00:00-04:00,2025-07-03T00:00:00-04:00,222.02,214.16,237.74,2025-07-10T00:00:00-04:00,224.78,time stop win,0.3511,win,IWM_PrevDayBreakout_D1_16,222.02,7.860000000000014
IWM,PrevDayBreakout_D1,2025-07-03T00:00:00-04:00,2025-07-07T00:00:00-04:00,221.55,217.38,229.89,2025-07-11T00:00:00-04:00,221.75,time stop win,0.048,win,IWM_PrevDayBreakout_D1_17,221.55,4.170000000000016
IWM,PrevDayBreakout_D1,2025-07-09T00:00:00-04:00,2025-07-10T00:00:00-04:00,223.375,220.35,229.425,2025-07-15T00:00:00-04:00,220.35,SL hit,-1.0,loss,IWM_PrevDayBreakout_D1_20,223.375,3.0250000000000057
IWM,PrevDayBreakout_D1,2025-07-10T00:00:00-04:00,2025-07-11T00:00:00-04:00,223.18,221.12,227.3,2025-07-14T00:00:00-04:00,221.12,SL hit,-1.0,loss,IWM_PrevDayBreakout_D1_21,223.18,2.0600000000000023
IWM,PrevDayBreakout_D1,2025-07-17T00:00:00-04:00,2025-07-18T00:00:00-04:00,225.26,216.925,241.93,2025-07-24T00:00:00-04:00,223.595,time stop loss,-0.1998,loss,IWM_PrevDayBreakout_D1_26,225.26,8.33499999999998
IWM,PrevDayBreakout_D1,2025-07-23T00:00:00-04:00,2025-07-24T00:00:00-04:00,225.56,220.68,235.32,2025-07-30T00:00:00-04:00,220.68,SL hit,-1.0,loss,IWM_PrevDayBreakout_D1_30,225.56,4.8799999999999955
IWM,PrevDayBreakout_D1,2025-08-04T00:00:00-04:00,2025-08-05T00:00:00-04:00,220.51,212.375,236.78,2025-08-11T00:00:00-04:00,220.27,time stop loss,-0.0295,loss,IWM_PrevDayBreakout_D1_38,220.51,8.134999999999991
IWM,PrevDayBreakout_D1,2025-08-05T00:00:00-04:00,2025-08-06T00:00:00-04:00,220.96,216.1,230.68,2025-08-12T00:00:00-04:00,226.775,time stop win,1.1965,win,IWM_PrevDayBreakout_D1_39,220.96,4.860000000000014
IWM,PrevDayBreakout_D1,2025-08-12T00:00:00-04:00,2025-08-13T00:00:00-04:00,228.325,219.81,245.355,2025-08-19T00:00:00-04:00,226.21,time stop loss,-0.2484,loss,IWM_PrevDayBreakout_D1_44,228.325,8.514999999999986
IWM,PrevDayBreakout_D1,2025-08-13T00:00:00-04:00,2025-08-14T00:00:00-04:00,228.43,221.17,242.95,2025-08-20T00:00:00-04:00,225.4,time stop loss,-0.4174,loss,IWM_PrevDayBreakout_D1_45,228.43,7.260000000000019
IWM,PrevDayBreakout_D1,2025-08-22T00:00:00-04:00,2025-08-25T00:00:00-04:00,234.105,223.85,254.615,2025-08-29T00:00:00-04:00,235.18,time stop win,0.1048,win,IWM_PrevDayBreakout_D1_52,234.105,10.254999999999995
IWM,PrevDayBreakout_D1,2025-08-27T00:00:00-04:00,2025-08-28T00:00:00-04:00,236.87,232.63,245.35,2025-09-02T00:00:00-04:00,232.63,SL hit,-1.0,loss,IWM_PrevDayBreakout_D1_55,236.87,4.240000000000009
IWM,PrevDayBreakout_D1,2025-08-28T00:00:00-04:00,2025-08-29T00:00:00-04:00,236.765,233.565,243.165,2025-09-02T00:00:00-04:00,233.565,SL hit,-1.0,loss,IWM_PrevDayBreakout_D1_56,236.765,3.1999999999999886
IWM,PrevDayBreakout_D1,2025-09-04T00:00:00-04:00,2025-09-05T00:00:00-04:00,237.755,232.48,248.305,2025-09-11T00:00:00-04:00,240.77,time stop win,0.5716,win,IWM_PrevDayBreakout_D1_60,237.755,5.275000000000006
IWM,PrevDayBreakout_D1,2025-09-05T00:00:00-04:00,2025-09-08T00:00:00-04:00,238.51,233.68,248.17,2025-09-12T00:00:00-04:00,238.34,time stop loss,-0.0352,loss,IWM_PrevDayBreakout_D1_61,238.51,4.829999999999984
IWM,PrevDayBreakout_D1,2025-09-11T00:00:00-04:00,2025-09-12T00:00:00-04:00,240.205,235.5,249.615,2025-09-18T00:00:00-04:00,244.8,time stop win,0.9766,win,IWM_PrevDayBreakout_D1_65,240.205,4.7050000000000125
IWM,PrevDayBreakout_D1,2025-09-17T00:00:00-04:00,2025-09-18T00:00:00-04:00,240.795,236.77,248.845,2025-09-24T00:00:00-04:00,241.62,time stop win,0.205,win,IWM_PrevDayBreakout_D1_69,240.795,4.024999999999977
IWM,PrevDayBreakout_D1,2025-09-18T00:00:00-04:00,2025-09-19T00:00:00-04:00,245.53,237.05,262.49,2025-09-25T00:00:00-04:00,239.305,time stop loss,-0.7341,loss,IWM_PrevDayBreakout_D1_70,245.53,8.47999999999999
IWM,PrevDayBreakout_D1,2025-09-26T00:00:00-04:00,2025-09-29T00:00:00-04:00,242.83,237.615,253.26,2025-10-03T00:00:00-04:00,245.875,time stop win,0.5839,win,IWM_PrevDayBreakout_D1_76,242.83,5.215000000000003
IWM,PrevDayBreakout_D1,2025-10-01T00:00:00-04:00,2025-10-02T00:00:00-04:00,243.01,239.4,250.23,2025-10-08T00:00:00-04:00,246.66,time stop win,1.0111,win,IWM_PrevDayBreakout_D1_79,243.01,3.609999999999985
IWM,PrevDayBreakout_D1,2025-10-02T00:00:00-04:00,2025-10-03T00:00:00-04:00,245.33,240.555,254.88,2025-10-09T00:00:00-04:00,245.13,time stop loss,-0.0419,loss,IWM_PrevDayBreakout_D1_80,245.33,4.775000000000006
IWM,PrevDayBreakout_D1,2025-10-03T00:00:00-04:00,2025-10-06T00:00:00-04:00,247.725,241.475,260.225,2025-10-10T00:00:00-04:00,241.475,SL hit,-1.0,loss,IWM_PrevDayBreakout_D1_81,247.725,6.25
IWM,PrevDayBreakout_D1,2025-10-14T00:00:00-04:00,2025-10-15T00:00:00-04:00,250.41,241.425,268.38,2025-10-21T00:00:00-04:00,246.97,time stop loss,-0.3829,loss,IWM_PrevDayBreakout_D1_88,250.41,8.984999999999985
IWM,PrevDayBreakout_D1,2025-10-15T00:00:00-04:00,2025-10-16T00:00:00-04:00,250.97,240.42,272.07,2025-10-22T00:00:00-04:00,243.43,time stop loss,-0.7147,loss,IWM_PrevDayBreakout_D1_89,250.97,10.550000000000011
IWM,PrevDayBreakout_D1,2025-10-20T00:00:00-04:00,2025-10-21T00:00:00-04:00,247.44,241.5,259.32,2025-10-22T00:00:00-04:00,241.5,SL hit,-1.0,loss,IWM_PrevDayBreakout_D1_92,247.44,5.939999999999998
IWM,PrevDayBreakout_D1,2025-10-24T00:00:00-04:00,2025-10-27T00:00:00-04:00,251.785,243.71,267.935,2025-10-31T00:00:00-04:00,246.27,time stop loss,-0.683,loss,IWM_PrevDayBreakout_D1_96,251.785,8.074999999999989
IWM,PrevDayBreakout_D1,2025-11-05T00:00:00-05:00,2025-11-06T00:00:00-05:00,244.215,241.0,250.645,2025-11-06T00:00:00-05:00,241.0,SL hit,-1.0,loss,IWM_PrevDayBreakout_D1_104,244.215,3.2150000000000034
IWM,PrevDayBreakout_D1,2025-11-10T00:00:00-05:00,2025-11-11T00:00:00-05:00,243.375,236.28,257.565,2025-11-13T00:00:00-05:00,236.28,SL hit,-1.0,loss,IWM_PrevDayBreakout_D1_107,243.375,7.094999999999999
IWM,PrevDayBreakout_D1,2025-11-24T00:00:00-05:00,2025-11-25T00:00:00-05:00,240.735,229.63,262.945,2025-12-02T00:00:00-05:00,245.19,time stop win,0.4012,win,IWM_PrevDayBreakout_D1_117,240.735,11.105000000000018
IWM,PrevDayBreakout_D1,2025-11-25T00:00:00-05:00,2025-11-26T00:00:00-05:00,245.13,235.5,264.39,2025-12-03T00:00:00-05:00,249.64,time stop win,0.4683,win,IWM_PrevDayBreakout_D1_118,245.13,9.629999999999995
IWM,PrevDayBreakout_D1,2025-11-26T00:00:00-05:00,2025-11-28T00:00:00-05:00,247.96,240.045,263.79,2025-12-04T00:00:00-05:00,251.81,time stop win,0.4864,win,IWM_PrevDayBreakout_D1_119,247.96,7.9150000000000205
IWM,PrevDayBreakout_D1,2025-12-03T00:00:00-05:00,2025-12-04T00:00:00-05:00,249.02,245.125,256.81,2025-12-10T00:00:00-05:00,254.84,time stop win,1.4942,win,IWM_PrevDayBreakout_D1_123,249.02,3.8950000000000102
IWM,PrevDayBreakout_D1,2025-12-04T00:00:00-05:00,2025-12-05T00:00:00-05:00,251.52,245.52,263.52,2025-12-11T00:00:00-05:00,257.78,time stop win,1.0433,win,IWM_PrevDayBreakout_D1_124,251.52,6.0
IWM,PrevDayBreakout_D1,2025-12-10T00:00:00-05:00,2025-12-11T00:00:00-05:00,254.63,250.105,263.68,2025-12-16T00:00:00-05:00,250.105,SL hit,-1.0,loss,IWM_PrevDayBreakout_D1_128,254.63,4.525000000000006
IWM,PrevDayBreakout_D1,2025-12-11T00:00:00-05:00,2025-12-12T00:00:00-05:00,258.02,250.54,272.98,2025-12-16T00:00:00-05:00,250.54,SL hit,-1.0,loss,IWM_PrevDayBreakout_D1_129,258.02,7.47999999999999
IWM,PrevDayBreakout_D1,2025-12-22T00:00:00-05:00,2025-12-23T00:00:00-05:00,252.41,249.09,259.05,2025-12-30T00:00:00-05:00,249.09,SL hit,-1.0,loss,IWM_PrevDayBreakout_D1_136,252.41,3.319999999999993
IWM,PrevDayBreakout_D1,2026-01-02T00:00:00-05:00,2026-01-05T00:00:00-05:00,249.785,246.01,257.335,2026-01-08T00:00:00-05:00,257.335,TP hit,2.0,win,IWM_PrevDayBreakout_D1_143,249.785,3.7750000000000057
IWM,PrevDayBreakout_D1,2026-01-05T00:00:00-05:00,2026-01-06T00:00:00-05:00,252.305,245.865,265.185,2026-01-12T00:00:00-05:00,261.5,time stop win,1.4278,win,IWM_PrevDayBreakout_D1_144,252.305,6.439999999999998
IWM,PrevDayBreakout_D1,2026-01-06T00:00:00-05:00,2026-01-07T00:00:00-05:00,256.345,249.58,269.875,2026-01-13T00:00:00-05:00,261.355,time stop win,0.7406,win,IWM_PrevDayBreakout_D1_145,256.345,6.765000000000015
IWM,PrevDayBreakout_D1,2026-01-08T00:00:00-05:00,2026-01-09T00:00:00-05:00,259.54,253.985,270.65,2026-01-15T00:00:00-05:00,265.48,time stop win,1.0693,win,IWM_PrevDayBreakout_D1_147,259.54,5.555000000000007
IWM,PrevDayBreakout_D1,2026-01-09T00:00:00-05:00,2026-01-12T00:00:00-05:00,259.23,254.45,268.79,2026-01-16T00:00:00-05:00,265.75,time stop win,1.364,win,IWM_PrevDayBreakout_D1_148,259.23,4.78000000000003
IWM,PrevDayBreakout_D1,2026-01-14T00:00:00-05:00,2026-01-15T00:00:00-05:00,264.07,260.47,271.27,2026-01-22T00:00:00-05:00,271.27,TP hit,2.0,win,IWM_PrevDayBreakout_D1_151,264.07,3.599999999999966
IWM,PrevDayBreakout_D1,2026-01-15T00:00:00-05:00,2026-01-16T00:00:00-05:00,265.8,260.215,276.97,2026-01-23T00:00:00-05:00,264.8,time stop loss,-0.1791,loss,IWM_PrevDayBreakout_D1_152,265.8,5.585000000000036
IWM,PrevDayBreakout_D1,2026-01-21T00:00:00-05:00,2026-01-22T00:00:00-05:00,269.775,261.09,287.145,2026-01-28T00:00:00-05:00,263.265,time stop loss,-0.7496,loss,IWM_PrevDayBreakout_D1_155,269.775,8.685000000000002
IWM,PrevDayBreakout_D1,2026-01-22T00:00:00-05:00,2026-01-23T00:00:00-05:00,268.995,262.95,281.085,2026-01-27T00:00:00-05:00,262.95,SL hit,-1.0,loss,IWM_PrevDayBreakout_D1_156,268.995,6.045000000000016
IWM,PrevDayBreakout_D1,2026-02-06T00:00:00-05:00,2026-02-09T00:00:00-05:00,264.8,255.05,284.3,2026-02-13T00:00:00-05:00,262.93,time stop loss,-0.1918,loss,IWM_PrevDayBreakout_D1_167,264.8,9.75
IWM,PrevDayBreakout_D1,2026-02-09T00:00:00-05:00,2026-02-10T00:00:00-05:00,267.225,259.6,282.475,2026-02-12T00:00:00-05:00,259.6,SL hit,-1.0,loss,IWM_PrevDayBreakout_D1_168,267.225,7.625
IWM,PrevDayBreakout_D1,2026-02-20T00:00:00-05:00,2026-02-23T00:00:00-05:00,263.41,261.12,267.99,2026-02-23T00:00:00-05:00,261.12,SL hit,-1.0,loss,IWM_PrevDayBreakout_D1_176,263.41,2.2900000000000205
IWM,PrevDayBreakout_D1,2026-02-25T00:00:00-05:00,2026-02-26T00:00:00-05:00,265.06,259.94,275.3,2026-02-27T00:00:00-05:00,259.94,SL hit,-1.0,loss,IWM_PrevDayBreakout_D1_179,265.06,5.1200000000000045
KRE,PrevDayBreakout_D1,2025-06-10T00:00:00-04:00,2025-06-11T00:00:00-04:00,59.13,58.11,61.17,2025-06-11T00:00:00-04:00,58.11,SL hit,-1.0,loss,KRE_PrevDayBreakout_D1_1,59.13,1.0200000000000031
KRE,PrevDayBreakout_D1,2025-06-18T00:00:00-04:00,2025-06-20T00:00:00-04:00,56.94,55.66,59.5,2025-06-26T00:00:00-04:00,59.5,TP hit,2.0,win,KRE_PrevDayBreakout_D1_7,56.94,1.2800000000000011
KRE,PrevDayBreakout_D1,2025-06-20T00:00:00-04:00,2025-06-23T00:00:00-04:00,56.395,55.585,58.015,2025-06-24T00:00:00-04:00,58.015,TP hit,2.0,win,KRE_PrevDayBreakout_D1_8,56.395,0.8100000000000023
KRE,PrevDayBreakout_D1,2025-06-23T00:00:00-04:00,2025-06-24T00:00:00-04:00,58.38,56.6,61.94,2025-06-30T00:00:00-04:00,59.44,time stop win,0.5955,win,KRE_PrevDayBreakout_D1_9,58.38,1.7800000000000011
KRE,PrevDayBreakout_D1,2025-06-24T00:00:00-04:00,2025-06-25T00:00:00-04:00,58.32,56.19,62.58,2025-07-01T00:00:00-04:00,61.41,time stop win,1.4507,win,KRE_PrevDayBreakout_D1_10,58.32,2.1300000000000026
KRE,PrevDayBreakout_D1,2025-06-26T00:00:00-04:00,2025-06-27T00:00:00-04:00,59.68,57.87,63.3,2025-07-03T00:00:00-04:00,63.3,TP hit,2.0,win,KRE_PrevDayBreakout_D1_12,59.68,1.8100000000000023
KRE,PrevDayBreakout_D1,2025-07-01T00:00:00-04:00,2025-07-02T00:00:00-04:00,61.68,59.43,66.18,2025-07-09T00:00:00-04:00,63.12,time stop win,0.64,win,KRE_PrevDayBreakout_D1_15,61.68,2.25
KRE,PrevDayBreakout_D1,2025-07-02T00:00:00-04:00,2025-07-03T00:00:00-04:00,62.855,59.09,70.385,2025-07-10T00:00:00-04:00,63.55,time stop win,0.1846,win,KRE_PrevDayBreakout_D1_16,62.855,3.7649999999999935
KRE,PrevDayBreakout_D1,2025-07-03T00:00:00-04:00,2025-07-07T00:00:00-04:00,62.84,61.28,65.96,2025-07-11T00:00:00-04:00,62.9,time stop win,0.0385,win,KRE_PrevDayBreakout_D1_17,62.84,1.5600000000000023
KRE,PrevDayBreakout_D1,2025-07-14T00:00:00-04:00,2025-07-15T00:00:00-04:00,63.435,62.74,64.825,2025-07-15T00:00:00-04:00,62.74,SL hit,-1.0,loss,KRE_PrevDayBreakout_D1_23,63.435,0.6950000000000003
KRE,PrevDayBreakout_D1,2025-07-17T00:00:00-04:00,2025-07-18T00:00:00-04:00,63.57,60.68,69.35,2025-07-24T00:00:00-04:00,62.17,time stop loss,-0.4844,loss,KRE_PrevDayBreakout_D1_26,63.57,2.8900000000000006
KRE,PrevDayBreakout_D1,2025-07-18T00:00:00-04:00,2025-07-21T00:00:00-04:00,63.48,61.845,66.75,2025-07-25T00:00:00-04:00,61.845,SL hit,-1.0,loss,KRE_PrevDayBreakout_D1_27,63.48,1.634999999999998
KRE,PrevDayBreakout_D1,2025-08-04T00:00:00-04:00,2025-08-05T00:00:00-04:00,59.715,57.79,63.565,2025-08-11T00:00:00-04:00,59.41,time stop loss,-0.1584,loss,KRE_PrevDayBreakout_D1_38,59.715,1.9250000000000043
KRE,PrevDayBreakout_D1,2025-08-05T00:00:00-04:00,2025-08-06T00:00:00-04:00,59.96,58.78,62.32,2025-08-07T00:00:00-04:00,58.78,SL hit,-1.0,loss,KRE_PrevDayBreakout_D1_39,59.96,1.1799999999999997
KRE,PrevDayBreakout_D1,2025-08-12T00:00:00-04:00,2025-08-13T00:00:00-04:00,61.89,59.17,67.33,2025-08-19T00:00:00-04:00,61.82,time stop loss,-0.0257,loss,KRE_PrevDayBreakout_D1_44,61.89,2.719999999999999
KRE,PrevDayBreakout_D1,2025-08-13T00:00:00-04:00,2025-08-14T00:00:00-04:00,61.83,59.88,65.73,2025-08-20T00:00:00-04:00,62.03,time stop win,0.1026,win,KRE_PrevDayBreakout_D1_45,61.83,1.9499999999999957
KRE,PrevDayBreakout_D1,2025-08-22T00:00:00-04:00,2025-08-25T00:00:00-04:00,64.57,61.475,70.76,2025-08-29T00:00:00-04:00,65.495,time stop win,0.2989,win,KRE_PrevDayBreakout_D1_52,64.57,3.0949999999999918
KRE,PrevDayBreakout_D1,2025-08-26T00:00:00-04:00,2025-08-27T00:00:00-04:00,64.89,64.4,65.87,2025-08-27T00:00:00-04:00,65.87,TP hit,2.0,win,KRE_PrevDayBreakout_D1_54,64.89,0.4899999999999949
KRE,PrevDayBreakout_D1,2025-08-27T00:00:00-04:00,2025-08-28T00:00:00-04:00,66.02,64.325,69.41,2025-09-02T00:00:00-04:00,64.325,SL hit,-1.0,loss,KRE_PrevDayBreakout_D1_55,66.02,1.6949999999999932
KRE,PrevDayBreakout_D1,2025-09-04T00:00:00-04:00,2025-09-05T00:00:00-04:00,66.34,64.49,70.04,2025-09-11T00:00:00-04:00,65.19,time stop loss,-0.6216,loss,KRE_PrevDayBreakout_D1_60,66.34,1.8500000000000085
KRE,PrevDayBreakout_D1,2025-09-17T00:00:00-04:00,2025-09-18T00:00:00-04:00,64.69,62.985,68.1,2025-09-24T00:00:00-04:00,63.925,time stop loss,-0.4487,loss,KRE_PrevDayBreakout_D1_69,64.69,1.7049999999999983
KRE,PrevDayBreakout_D1,2025-09-18T00:00:00-04:00,2025-09-19T00:00:00-04:00,66.07,63.81,70.59,2025-09-22T00:00:00-04:00,63.81,SL hit,-1.0,loss,KRE_PrevDayBreakout_D1_70,66.07,2.259999999999991
KRE,PrevDayBreakout_D1,2025-09-26T00:00:00-04:00,2025-09-29T00:00:00-04:00,64.36,63.2,66.68,2025-09-29T00:00:00-04:00,63.2,SL hit,-1.0,loss,KRE_PrevDayBreakout_D1_76,64.36,1.1599999999999966
KRE,PrevDayBreakout_D1,2025-10-03T00:00:00-04:00,2025-10-06T00:00:00-04:00,64.13,62.31,67.77,2025-10-10T00:00:00-04:00,62.31,SL hit,-1.0,loss,KRE_PrevDayBreakout_D1_81,64.13,1.8199999999999932
KRE,PrevDayBreakout_D1,2025-10-06T00:00:00-04:00,2025-10-07T00:00:00-04:00,64.22,63.06,66.54,2025-10-09T00:00:00-04:00,63.06,SL hit,-1.0,loss,KRE_PrevDayBreakout_D1_82,64.22,1.1599999999999966
KRE,PrevDayBreakout_D1,2025-10-14T00:00:00-04:00,2025-10-15T00:00:00-04:00,63.645,60.61,69.715,2025-10-16T00:00:00-04:00,60.61,SL hit,-1.0,loss,KRE_PrevDayBreakout_D1_88,63.645,3.0350000000000037
KRE,PrevDayBreakout_D1,2025-10-20T00:00:00-04:00,2025-10-21T00:00:00-04:00,60.34,58.27,64.48,2025-10-27T00:00:00-04:00,61.18,time stop win,0.4058,win,KRE_PrevDayBreakout_D1_92,60.34,2.0700000000000003
KRE,PrevDayBreakout_D1,2025-10-24T00:00:00-04:00,2025-10-27T00:00:00-04:00,61.66,59.75,65.48,2025-10-29T00:00:00-04:00,59.75,SL hit,-1.0,loss,KRE_PrevDayBreakout_D1_96,61.66,1.9099999999999966
KRE,PrevDayBreakout_D1,2025-11-03T00:00:00-05:00,2025-11-04T00:00:00-05:00,59.67,58.95,61.11,2025-11-10T00:00:00-05:00,61.11,TP hit,2.0,win,KRE_PrevDayBreakout_D1_102,59.67,0.7199999999999989
KRE,PrevDayBreakout_D1,2025-11-05T00:00:00-05:00,2025-11-06T00:00:00-05:00,60.415,59.12,63.005,2025-11-12T00:00:00-05:00,61.545,time stop win,0.8726,win,KRE_PrevDayBreakout_D1_104,60.415,1.2950000000000017
KRE,PrevDayBreakout_D1,2025-11-07T00:00:00-05:00,2025-11-10T00:00:00-05:00,61.29,59.82,64.23,2025-11-14T00:00:00-05:00,60.94,time stop loss,-0.2381,loss,KRE_PrevDayBreakout_D1_106,61.29,1.4699999999999989
KRE,PrevDayBreakout_D1,2025-11-10T00:00:00-05:00,2025-11-11T00:00:00-05:00,61.365,59.72,64.655,2025-11-17T00:00:00-05:00,59.72,SL hit,-1.0,loss,KRE_PrevDayBreakout_D1_107,61.365,1.6450000000000031
KRE,PrevDayBreakout_D1,2025-11-19T00:00:00-05:00,2025-11-20T00:00:00-05:00,60.44,58.22,64.88,2025-11-26T00:00:00-05:00,63.16,time stop win,1.2252,win,KRE_PrevDayBreakout_D1_114,60.44,2.219999999999999
KRE,PrevDayBreakout_D1,2025-11-21T00:00:00-05:00,2025-11-24T00:00:00-05:00,61.515,59.43,65.685,2025-12-01T00:00:00-05:00,63.7,time stop win,1.048,win,KRE_PrevDayBreakout_D1_116,61.515,2.085000000000001
KRE,PrevDayBreakout_D1,2025-11-25T00:00:00-05:00,2025-11-26T00:00:00-05:00,63.225,61.085,67.505,2025-12-03T00:00:00-05:00,64.65,time stop win,0.6659,win,KRE_PrevDayBreakout_D1_118,63.225,2.1400000000000006
KRE,PrevDayBreakout_D1,2025-12-01T00:00:00-05:00,2025-12-02T00:00:00-05:00,63.9,62.875,65.95,2025-12-08T00:00:00-05:00,64.96,time stop win,1.0341,win,KRE_PrevDayBreakout_D1_121,63.9,1.0249999999999986
KRE,PrevDayBreakout_D1,2025-12-03T00:00:00-05:00,2025-12-04T00:00:00-05:00,64.57,63.28,67.15,2025-12-10T00:00:00-05:00,67.15,TP hit,2.0,win,KRE_PrevDayBreakout_D1_123,64.57,1.289999999999992
KRE,PrevDayBreakout_D1,2025-12-04T00:00:00-05:00,2025-12-05T00:00:00-05:00,64.635,63.405,67.095,2025-12-10T00:00:00-05:00,67.095,TP hit,2.0,win,KRE_PrevDayBreakout_D1_124,64.635,1.230000000000004
KRE,PrevDayBreakout_D1,2025-12-10T00:00:00-05:00,2025-12-11T00:00:00-05:00,66.86,64.755,71.07,2025-12-17T00:00:00-05:00,67.295,time stop win,0.2067,win,KRE_PrevDayBreakout_D1_128,66.86,2.105000000000004
KRE,PrevDayBreakout_D1,2026-01-05T00:00:00-05:00,2026-01-06T00:00:00-05:00,66.43,64.06,71.17,2026-01-12T00:00:00-05:00,66.67,time stop win,0.1013,win,KRE_PrevDayBreakout_D1_144,66.43,2.3700000000000045
KRE,PrevDayBreakout_D1,2026-01-06T00:00:00-05:00,2026-01-07T00:00:00-05:00,67.21,65.02,71.59,2026-01-13T00:00:00-05:00,66.245,time stop loss,-0.4406,loss,KRE_PrevDayBreakout_D1_145,67.21,2.1899999999999977
KRE,PrevDayBreakout_D1,2026-01-08T00:00:00-05:00,2026-01-09T00:00:00-05:00,68.23,66.22,72.25,2026-01-13T00:00:00-05:00,66.22,SL hit,-1.0,loss,KRE_PrevDayBreakout_D1_147,68.23,2.010000000000005
KRE,PrevDayBreakout_D1,2026-01-15T00:00:00-05:00,2026-01-16T00:00:00-05:00,68.15,65.86,72.73,2026-01-23T00:00:00-05:00,67.62,time stop loss,-0.2314,loss,KRE_PrevDayBreakout_D1_152,68.15,2.2900000000000063
KRE,PrevDayBreakout_D1,2026-01-21T00:00:00-05:00,2026-01-22T00:00:00-05:00,70.115,66.735,76.875,2026-01-28T00:00:00-05:00,67.79,time stop loss,-0.6879,loss,KRE_PrevDayBreakout_D1_155,70.115,3.3799999999999955
KRE,PrevDayBreakout_D1,2026-01-29T00:00:00-05:00,2026-01-30T00:00:00-05:00,68.7,67.66,70.78,2026-02-03T00:00:00-05:00,70.78,TP hit,2.0,win,KRE_PrevDayBreakout_D1_161,68.7,1.0400000000000063
KRE,PrevDayBreakout_D1,2026-02-02T00:00:00-05:00,2026-02-03T00:00:00-05:00,69.96,68.165,73.55,2026-02-06T00:00:00-05:00,73.55,TP hit,2.0,win,KRE_PrevDayBreakout_D1_163,69.96,1.7949999999999875
KRE,PrevDayBreakout_D1,2026-02-03T00:00:00-05:00,2026-02-04T00:00:00-05:00,71.84,68.6,78.32,2026-02-10T00:00:00-05:00,72.64,time stop win,0.2469,win,KRE_PrevDayBreakout_D1_164,71.84,3.240000000000009
KRE,PrevDayBreakout_D1,2026-02-04T00:00:00-05:00,2026-02-05T00:00:00-05:00,72.03,69.94,76.21,2026-02-11T00:00:00-05:00,71.805,time stop loss,-0.1077,loss,KRE_PrevDayBreakout_D1_165,72.03,2.0900000000000034
KRE,PrevDayBreakout_D1,2026-02-06T00:00:00-05:00,2026-02-09T00:00:00-05:00,73.305,71.555,76.805,2026-02-11T00:00:00-05:00,71.555,SL hit,-1.0,loss,KRE_PrevDayBreakout_D1_167,73.305,1.75
KRE,PrevDayBreakout_D1,2026-02-20T00:00:00-05:00,2026-02-23T00:00:00-05:00,71.685,70.33,74.395,2026-02-23T00:00:00-05:00,70.33,SL hit,-1.0,loss,KRE_PrevDayBreakout_D1_176,71.685,1.355000000000004
KRE,PrevDayBreakout_D1,2026-02-25T00:00:00-05:00,2026-02-26T00:00:00-05:00,70.045,68.025,74.085,2026-02-27T00:00:00-05:00,68.025,SL hit,-1.0,loss,KRE_PrevDayBreakout_D1_179,70.045,2.019999999999996
KRE,PrevDayBreakout_D1,2026-02-26T00:00:00-05:00,2026-02-27T00:00:00-05:00,68.98,68.84,69.26,2026-02-27T00:00:00-05:00,68.84,SL hit,-1.0,loss,KRE_PrevDayBreakout_D1_180,68.98,0.14000000000000057
QQQ,MeanReversion_D1,2025-06-13T00:00:00-04:00,2025-06-16T00:00:00-04:00,530.57,525.75,540.21,2025-06-20T00:00:00-04:00,525.75,SL hit,-1.0,loss,QQQ_MeanReversion_D1_4,530.57,4.82000000000005
QQQ,MeanReversion_D1,2025-06-17T00:00:00-04:00,2025-06-18T00:00:00-04:00,530.0,527.96,534.08,2025-06-18T00:00:00-04:00,527.96,SL hit,-1.0,loss,QQQ_MeanReversion_D1_6,530.0,2.0399999999999636
QQQ,MeanReversion_D1,2025-06-20T00:00:00-04:00,2025-06-23T00:00:00-04:00,526.635,524.95,530.005,2025-06-23T00:00:00-04:00,524.95,SL hit,-1.0,loss,QQQ_MeanReversion_D1_8,526.635,1.6849999999999454
QQQ,MeanReversion_D1,2025-07-01T00:00:00-04:00,2025-07-02T00:00:00-04:00,546.24,544.76,549.2,2025-07-02T00:00:00-04:00,549.2,TP hit,2.0,win,QQQ_MeanReversion_D1_15,546.24,1.4800000000000182
QQQ,MeanReversion_D1,2025-07-07T00:00:00-04:00,2025-07-08T00:00:00-04:00,553.3,549.66,560.58,2025-07-14T00:00:00-04:00,556.115,time stop win,0.7734,win,QQQ_MeanReversion_D1_18,553.3,3.6399999999999864
QQQ,MeanReversion_D1,2025-07-22T00:00:00-04:00,2025-07-23T00:00:00-04:00,562.355,558.61,569.845,2025-07-29T00:00:00-04:00,569.845,TP hit,2.0,win,QQQ_MeanReversion_D1_29,562.355,3.7450000000000045
QQQ,MeanReversion_D1,2025-08-01T00:00:00-04:00,2025-08-04T00:00:00-04:00,559.11,551.73,573.87,2025-08-08T00:00:00-04:00,573.87,TP hit,2.0,win,QQQ_MeanReversion_D1_37,559.11,7.3799999999999955
QQQ,MeanReversion_D1,2025-08-15T00:00:00-04:00,2025-08-18T00:00:00-04:00,576.46,575.59,578.2,2025-08-18T00:00:00-04:00,575.59,SL hit,-1.0,loss,QQQ_MeanReversion_D1_47,576.46,0.8700000000000045
QQQ,MeanReversion_D1,2025-08-19T00:00:00-04:00,2025-08-20T00:00:00-04:00,568.31,568.26,568.41,2025-08-20T00:00:00-04:00,568.26,SL hit,-1.0,loss,QQQ_MeanReversion_D1_49,568.31,0.049999999999954525
QQQ,MeanReversion_D1,2025-08-20T00:00:00-04:00,2025-08-21T00:00:00-04:00,564.35,558.9,575.25,2025-08-27T00:00:00-04:00,573.55,time stop win,1.6881,win,QQQ_MeanReversion_D1_50,564.35,5.4500000000000455
QQQ,MeanReversion_D1,2025-09-02T00:00:00-04:00,2025-09-03T00:00:00-04:00,569.25,559.54,588.67,2025-09-09T00:00:00-04:00,580.48,time stop win,1.1565,win,QQQ_MeanReversion_D1_58,569.25,9.710000000000036
QQQ,MeanReversion_D1,2025-09-17T00:00:00-04:00,2025-09-18T00:00:00-04:00,594.92,584.41,615.94,2025-09-24T00:00:00-04:00,596.0,time stop win,0.1028,win,QQQ_MeanReversion_D1_69,594.92,10.509999999999991
QQQ,MeanReversion_D1,2025-09-25T00:00:00-04:00,2025-09-26T00:00:00-04:00,594.33,588.52,605.95,2025-10-02T00:00:00-04:00,605.95,TP hit,2.0,win,QQQ_MeanReversion_D1_75,594.33,5.810000000000059
QQQ,MeanReversion_D1,2025-10-07T00:00:00-04:00,2025-10-08T00:00:00-04:00,605.4,603.03,610.14,2025-10-08T00:00:00-04:00,610.14,TP hit,2.0,win,QQQ_MeanReversion_D1_83,605.4,2.3700000000000045
QQQ,MeanReversion_D1,2025-10-10T00:00:00-04:00,2025-10-13T00:00:00-04:00,599.7,589.09,620.92,2025-10-17T00:00:00-04:00,603.84,time stop win,0.3902,win,QQQ_MeanReversion_D1_86,599.7,10.610000000000014
QQQ,MeanReversion_D1,2025-10-22T00:00:00-04:00,2025-10-23T00:00:00-04:00,604.92,599.9,614.96,2025-10-24T00:00:00-04:00,614.96,TP hit,2.0,win,QQQ_MeanReversion_D1_94,604.92,5.019999999999982
QQQ,MeanReversion_D1,2025-10-30T00:00:00-04:00,2025-10-31T00:00:00-04:00,634.2,625.99,650.62,2025-11-04T00:00:00-05:00,625.99,SL hit,-1.0,loss,QQQ_MeanReversion_D1_100,634.2,8.210000000000036
QQQ,MeanReversion_D1,2025-11-07T00:00:00-05:00,2025-11-10T00:00:00-05:00,618.925,598.68,659.415,2025-11-14T00:00:00-05:00,598.68,SL hit,-1.0,loss,QQQ_MeanReversion_D1_106,618.925,20.245000000000005
QQQ,MeanReversion_D1,2025-11-18T00:00:00-05:00,2025-11-19T00:00:00-05:00,597.02,591.38,608.3,2025-11-20T00:00:00-05:00,591.38,SL hit,-1.0,loss,QQQ_MeanReversion_D1_113,597.02,5.639999999999986
QQQ,MeanReversion_D1,2025-11-20T00:00:00-05:00,2025-11-21T00:00:00-05:00,587.33,584.85,592.29,2025-11-21T00:00:00-05:00,584.85,SL hit,-1.0,loss,QQQ_MeanReversion_D1_115,587.33,2.480000000000018
QQQ,MeanReversion_D1,2025-12-12T00:00:00-05:00,2025-12-15T00:00:00-05:00,618.25,611.38,631.99,2025-12-15T00:00:00-05:00,611.38,SL hit,-1.0,loss,QQQ_MeanReversion_D1_130,618.25,6.8700000000000045
QQQ,MeanReversion_D1,2025-12-17T00:00:00-05:00,2025-12-18T00:00:00-05:00,609.75,600.29,628.67,2025-12-24T00:00:00-05:00,623.96,time stop win,1.5021,win,QQQ_MeanReversion_D1_133,609.75,9.460000000000036
QQQ,MeanReversion_D1,2025-12-29T00:00:00-05:00,2025-12-30T00:00:00-05:00,619.8,618.77,621.86,2025-12-30T00:00:00-05:00,621.86,TP hit,2.0,win,QQQ_MeanReversion_D1_140,619.8,1.0299999999999727
QQQ,MeanReversion_D1,2025-12-31T00:00:00-05:00,2026-01-02T00:00:00-05:00,620.0,614.05,631.9,2026-01-02T00:00:00-05:00,614.05,SL hit,-1.0,loss,QQQ_MeanReversion_D1_142,620.0,5.9500000000000455
QQQ,MeanReversion_D1,2026-01-02T00:00:00-05:00,2026-01-05T00:00:00-05:00,619.32,610.16,637.64,2026-01-09T00:00:00-05:00,626.655,time stop win,0.8008,win,QQQ_MeanReversion_D1_143,619.32,9.160000000000082
QQQ,MeanReversion_D1,2026-01-08T00:00:00-05:00,2026-01-09T00:00:00-05:00,621.35,617.82,628.41,2026-01-12T00:00:00-05:00,628.41,TP hit,2.0,win,QQQ_MeanReversion_D1_147,621.35,3.5299999999999727
QQQ,MeanReversion_D1,2026-01-14T00:00:00-05:00,2026-01-15T00:00:00-05:00,626.59,614.64,650.49,2026-01-20T00:00:00-05:00,614.64,SL hit,-1.0,loss,QQQ_MeanReversion_D1_151,626.59,11.950000000000045
QQQ,MeanReversion_D1,2026-01-20T00:00:00-05:00,2026-01-21T00:00:00-05:00,609.32,607.05,613.86,2026-01-21T00:00:00-05:00,613.86,TP hit,2.0,win,QQQ_MeanReversion_D1_154,609.32,2.2700000000000955
QQQ,MeanReversion_D1,2026-01-29T00:00:00-05:00,2026-01-30T00:00:00-05:00,625.575,618.38,639.965,2026-02-03T00:00:00-05:00,618.38,SL hit,-1.0,loss,QQQ_MeanReversion_D1_161,625.575,7.19500000000005
QQQ,MeanReversion_D1,2026-02-03T00:00:00-05:00,2026-02-04T00:00:00-05:00,614.82,610.98,622.5,2026-02-04T00:00:00-05:00,610.98,SL hit,-1.0,loss,QQQ_MeanReversion_D1_164,614.82,3.840000000000032
QQQ,MeanReversion_D1,2026-02-05T00:00:00-05:00,2026-02-06T00:00:00-05:00,600.11,594.79,610.75,2026-02-06T00:00:00-05:00,610.75,TP hit,2.0,win,QQQ_MeanReversion_D1_166,600.11,5.32000000000005
QQQ,MeanReversion_D1,2026-02-12T00:00:00-05:00,2026-02-13T00:00:00-05:00,600.38,599.58,601.98,2026-02-13T00:00:00-05:00,599.58,SL hit,-1.0,loss,QQQ_MeanReversion_D1_171,600.38,0.7999999999999545
SMH,PrevDayBreakout_D1,2025-06-10T00:00:00-04:00,2025-06-11T00:00:00-04:00,263.15,255.0,279.45,2025-06-17T00:00:00-04:00,261.64,time stop loss,-0.1853,loss,SMH_PrevDayBreakout_D1_1,263.15,8.149999999999977
SMH,PrevDayBreakout_D1,2025-06-16T00:00:00-04:00,2025-06-17T00:00:00-04:00,262.08,256.2,273.84,2025-06-24T00:00:00-04:00,271.58,time stop win,1.6156,win,SMH_PrevDayBreakout_D1_5,262.08,5.8799999999999955
SMH,PrevDayBreakout_D1,2025-06-24T00:00:00-04:00,2025-06-25T00:00:00-04:00,273.12,257.19,304.98,2025-07-01T00:00:00-04:00,275.77,time stop win,0.1664,win,SMH_PrevDayBreakout_D1_10,273.12,15.930000000000007
SMH,PrevDayBreakout_D1,2025-06-25T00:00:00-04:00,2025-06-26T00:00:00-04:00,277.095,266.155,298.975,2025-07-02T00:00:00-04:00,281.265,time stop win,0.3812,win,SMH_PrevDayBreakout_D1_11,277.095,10.940000000000055
SMH,PrevDayBreakout_D1,2025-06-26T00:00:00-04:00,2025-06-27T00:00:00-04:00,277.89,272.69,288.29,2025-07-01T00:00:00-04:00,272.69,SL hit,-1.0,loss,SMH_PrevDayBreakout_D1_12,277.89,5.199999999999989
SMH,PrevDayBreakout_D1,2025-06-27T00:00:00-04:00,2025-06-30T00:00:00-04:00,279.26,275.03,287.72,2025-07-01T00:00:00-04:00,275.03,SL hit,-1.0,loss,SMH_PrevDayBreakout_D1_13,279.26,4.230000000000018
SMH,PrevDayBreakout_D1,2025-07-02T00:00:00-04:00,2025-07-03T00:00:00-04:00,282.81,272.27,303.89,2025-07-10T00:00:00-04:00,287.53,time stop win,0.4478,win,SMH_PrevDayBreakout_D1_16,282.81,10.54000000000002
SMH,PrevDayBreakout_D1,2025-07-03T00:00:00-04:00,2025-07-07T00:00:00-04:00,281.67,274.8,295.41,2025-07-11T00:00:00-04:00,287.5,time stop win,0.8486,win,SMH_PrevDayBreakout_D1_17,281.67,6.8700000000000045
SMH,PrevDayBreakout_D1,2025-07-08T00:00:00-04:00,2025-07-09T00:00:00-04:00,284.73,278.62,296.95,2025-07-15T00:00:00-04:00,290.845,time stop win,1.0008,win,SMH_PrevDayBreakout_D1_19,284.73,6.110000000000014
SMH,PrevDayBreakout_D1,2025-07-09T00:00:00-04:00,2025-07-10T00:00:00-04:00,287.65,280.93,301.09,2025-07-16T00:00:00-04:00,289.36,time stop win,0.2545,win,SMH_PrevDayBreakout_D1_20,287.65,6.71999999999997
SMH,PrevDayBreakout_D1,2025-07-15T00:00:00-04:00,2025-07-16T00:00:00-04:00,288.345,281.75,301.535,2025-07-22T00:00:00-04:00,285.4,time stop loss,-0.4466,loss,SMH_PrevDayBreakout_D1_24,288.345,6.595000000000027
SMH,PrevDayBreakout_D1,2025-07-17T00:00:00-04:00,2025-07-18T00:00:00-04:00,292.91,283.17,312.39,2025-07-22T00:00:00-04:00,283.17,SL hit,-1.0,loss,SMH_PrevDayBreakout_D1_26,292.91,9.740000000000009
SMH,PrevDayBreakout_D1,2025-07-24T00:00:00-04:00,2025-07-25T00:00:00-04:00,285.94,283.23,291.36,2025-07-28T00:00:00-04:00,291.36,TP hit,2.0,win,SMH_PrevDayBreakout_D1_31,285.94,2.7099999999999795
SMH,PrevDayBreakout_D1,2025-07-28T00:00:00-04:00,2025-07-29T00:00:00-04:00,293.69,285.2,310.67,2025-08-01T00:00:00-04:00,285.2,SL hit,-1.0,loss,SMH_PrevDayBreakout_D1_33,293.69,8.490000000000009
SMH,PrevDayBreakout_D1,2025-07-29T00:00:00-04:00,2025-07-30T00:00:00-04:00,294.62,289.37,305.12,2025-07-31T00:00:00-04:00,289.37,SL hit,-1.0,loss,SMH_PrevDayBreakout_D1_34,294.62,5.25
SMH,PrevDayBreakout_D1,2025-08-04T00:00:00-04:00,2025-08-05T00:00:00-04:00,290.905,279.2,314.315,2025-08-11T00:00:00-04:00,293.48,time stop win,0.22,win,SMH_PrevDayBreakout_D1_38,290.905,11.704999999999984
SMH,PrevDayBreakout_D1,2025-08-07T00:00:00-04:00,2025-08-08T00:00:00-04:00,291.83,282.86,309.77,2025-08-14T00:00:00-04:00,302.1,time stop win,1.1449,win,SMH_PrevDayBreakout_D1_41,291.83,8.96999999999997
SMH,PrevDayBreakout_D1,2025-08-12T00:00:00-04:00,2025-08-13T00:00:00-04:00,301.84,292.755,320.01,2025-08-19T00:00:00-04:00,292.755,SL hit,-1.0,loss,SMH_PrevDayBreakout_D1_44,301.84,9.08499999999998
SMH,PrevDayBreakout_D1,2025-08-13T00:00:00-04:00,2025-08-14T00:00:00-04:00,298.0,293.39,307.22,2025-08-19T00:00:00-04:00,293.39,SL hit,-1.0,loss,SMH_PrevDayBreakout_D1_45,298.0,4.610000000000014
SMH,PrevDayBreakout_D1,2025-08-22T00:00:00-04:00,2025-08-25T00:00:00-04:00,293.89,285.98,309.71,2025-08-29T00:00:00-04:00,290.25,time stop loss,-0.4602,loss,SMH_PrevDayBreakout_D1_52,293.89,7.909999999999968
SMH,PrevDayBreakout_D1,2025-08-26T00:00:00-04:00,2025-08-27T00:00:00-04:00,295.85,292.17,303.21,2025-08-29T00:00:00-04:00,292.17,SL hit,-1.0,loss,SMH_PrevDayBreakout_D1_54,295.85,3.680000000000007
SMH,PrevDayBreakout_D1,2025-08-27T00:00:00-04:00,2025-08-28T00:00:00-04:00,298.105,294.7,304.915,2025-08-29T00:00:00-04:00,294.7,SL hit,-1.0,loss,SMH_PrevDayBreakout_D1_55,298.105,3.4050000000000296
SMH,PrevDayBreakout_D1,2025-08-28T00:00:00-04:00,2025-08-29T00:00:00-04:00,295.4,294.58,297.04,2025-08-29T00:00:00-04:00,294.58,SL hit,-1.0,loss,SMH_PrevDayBreakout_D1_56,295.4,0.8199999999999932
SMH,PrevDayBreakout_D1,2025-09-04T00:00:00-04:00,2025-09-05T00:00:00-04:00,294.91,283.81,317.11,2025-09-11T00:00:00-04:00,303.96,time stop win,0.8153,win,SMH_PrevDayBreakout_D1_60,294.91,11.100000000000023
SMH,PrevDayBreakout_D1,2025-09-05T00:00:00-04:00,2025-09-08T00:00:00-04:00,295.135,284.33,316.745,2025-09-12T00:00:00-04:00,304.37,time stop win,0.8547,win,SMH_PrevDayBreakout_D1_61,295.135,10.805000000000007
SMH,PrevDayBreakout_D1,2025-09-08T00:00:00-04:00,2025-09-09T00:00:00-04:00,297.24,289.275,313.17,2025-09-15T00:00:00-04:00,307.18,time stop win,1.248,win,SMH_PrevDayBreakout_D1_62,297.24,7.965000000000032
SMH,PrevDayBreakout_D1,2025-09-09T00:00:00-04:00,2025-09-10T00:00:00-04:00,300.59,295.01,311.75,2025-09-16T00:00:00-04:00,307.19,time stop win,1.1828,win,SMH_PrevDayBreakout_D1_63,300.59,5.579999999999984
SMH,PrevDayBreakout_D1,2025-09-10T00:00:00-04:00,2025-09-11T00:00:00-04:00,303.71,295.23,320.67,2025-09-17T00:00:00-04:00,305.17,time stop win,0.1722,win,SMH_PrevDayBreakout_D1_64,303.71,8.479999999999961
SMH,PrevDayBreakout_D1,2025-09-11T00:00:00-04:00,2025-09-12T00:00:00-04:00,305.03,298.8,317.49,2025-09-18T00:00:00-04:00,317.49,TP hit,2.0,win,SMH_PrevDayBreakout_D1_65,305.03,6.229999999999961
SMH,PrevDayBreakout_D1,2025-09-15T00:00:00-04:00,2025-09-16T00:00:00-04:00,308.425,303.2,318.875,2025-09-17T00:00:00-04:00,303.2,SL hit,-1.0,loss,SMH_PrevDayBreakout_D1_67,308.425,5.225000000000023
SMH,PrevDayBreakout_D1,2025-09-18T00:00:00-04:00,2025-09-19T00:00:00-04:00,316.395,301.42,346.345,2025-09-25T00:00:00-04:00,320.985,time stop win,0.3065,win,SMH_PrevDayBreakout_D1_70,316.395,14.974999999999966
SMH,PrevDayBreakout_D1,2025-09-22T00:00:00-04:00,2025-09-23T00:00:00-04:00,323.09,313.44,342.39,2025-09-29T00:00:00-04:00,322.65,time stop loss,-0.0456,loss,SMH_PrevDayBreakout_D1_72,323.09,9.649999999999977
SMH,PrevDayBreakout_D1,2025-09-29T00:00:00-04:00,2025-09-30T00:00:00-04:00,322.875,318.15,332.325,2025-10-01T00:00:00-04:00,332.325,TP hit,2.0,win,SMH_PrevDayBreakout_D1_77,322.875,4.725000000000023
SMH,PrevDayBreakout_D1,2025-10-01T00:00:00-04:00,2025-10-02T00:00:00-04:00,339.66,322.485,374.01,2025-10-08T00:00:00-04:00,346.165,time stop win,0.3787,win,SMH_PrevDayBreakout_D1_79,339.66,17.17500000000001
SMH,PrevDayBreakout_D1,2025-10-02T00:00:00-04:00,2025-10-03T00:00:00-04:00,339.29,324.13,369.61,2025-10-09T00:00:00-04:00,345.06,time stop win,0.3806,win,SMH_PrevDayBreakout_D1_80,339.29,15.160000000000025
SMH,PrevDayBreakout_D1,2025-10-06T00:00:00-04:00,2025-10-07T00:00:00-04:00,346.13,335.315,367.76,2025-10-10T00:00:00-04:00,335.315,SL hit,-1.0,loss,SMH_PrevDayBreakout_D1_82,346.13,10.814999999999998
SMH,PrevDayBreakout_D1,2025-10-15T00:00:00-04:00,2025-10-16T00:00:00-04:00,346.285,330.4,378.055,2025-10-22T00:00:00-04:00,338.715,time stop loss,-0.4766,loss,SMH_PrevDayBreakout_D1_89,346.285,15.885000000000048
SMH,PrevDayBreakout_D1,2025-10-16T00:00:00-04:00,2025-10-17T00:00:00-04:00,340.705,335.7,350.715,2025-10-22T00:00:00-04:00,335.7,SL hit,-1.0,loss,SMH_PrevDayBreakout_D1_90,340.705,5.0049999999999955
SMH,PrevDayBreakout_D1,2025-10-20T00:00:00-04:00,2025-10-21T00:00:00-04:00,346.92,338.26,364.24,2025-10-22T00:00:00-04:00,338.26,SL hit,-1.0,loss,SMH_PrevDayBreakout_D1_92,346.92,8.660000000000025
SMH,PrevDayBreakout_D1,2025-10-23T00:00:00-04:00,2025-10-24T00:00:00-04:00,350.5,332.42,386.66,2025-10-30T00:00:00-04:00,363.77,time stop win,0.734,win,SMH_PrevDayBreakout_D1_95,350.5,18.079999999999984
SMH,PrevDayBreakout_D1,2025-10-24T00:00:00-04:00,2025-10-27T00:00:00-04:00,357.33,336.91,398.17,2025-10-31T00:00:00-04:00,363.04,time stop win,0.2796,win,SMH_PrevDayBreakout_D1_96,357.33,20.41999999999996
SMH,PrevDayBreakout_D1,2025-10-27T00:00:00-04:00,2025-10-28T00:00:00-04:00,359.66,349.88,379.22,2025-11-03T00:00:00-05:00,366.03,time stop win,0.6513,win,SMH_PrevDayBreakout_D1_97,359.66,9.78000000000003
SMH,PrevDayBreakout_D1,2025-10-28T00:00:00-04:00,2025-10-29T00:00:00-04:00,369.26,356.21,395.36,2025-11-04T00:00:00-05:00,356.21,SL hit,-1.0,loss,SMH_PrevDayBreakout_D1_98,369.26,13.050000000000011
SMH,PrevDayBreakout_D1,2025-10-29T00:00:00-04:00,2025-10-30T00:00:00-04:00,367.565,358.5,385.695,2025-11-04T00:00:00-05:00,358.5,SL hit,-1.0,loss,SMH_PrevDayBreakout_D1_99,367.565,9.064999999999998
SMH,PrevDayBreakout_D1,2025-11-10T00:00:00-05:00,2025-11-11T00:00:00-05:00,355.4,336.705,392.79,2025-11-14T00:00:00-05:00,336.705,SL hit,-1.0,loss,SMH_PrevDayBreakout_D1_107,355.4,18.694999999999993
SMH,PrevDayBreakout_D1,2025-11-19T00:00:00-05:00,2025-11-20T00:00:00-05:00,349.2,329.17,389.26,2025-11-20T00:00:00-05:00,329.17,SL hit,-1.0,loss,SMH_PrevDayBreakout_D1_114,349.2,20.029999999999973
SMH,PrevDayBreakout_D1,2025-11-24T00:00:00-05:00,2025-11-25T00:00:00-05:00,334.8,315.16,374.08,2025-12-02T00:00:00-05:00,359.68,time stop win,1.2668,win,SMH_PrevDayBreakout_D1_117,334.8,19.639999999999986
SMH,PrevDayBreakout_D1,2025-11-26T00:00:00-05:00,2025-11-28T00:00:00-05:00,349.2,327.5,392.6,2025-12-04T00:00:00-05:00,361.5,time stop win,0.5668,win,SMH_PrevDayBreakout_D1_119,349.2,21.69999999999999
SMH,PrevDayBreakout_D1,2025-11-28T00:00:00-05:00,2025-12-01T00:00:00-05:00,349.06,343.58,360.02,2025-12-02T00:00:00-05:00,360.02,TP hit,2.0,win,SMH_PrevDayBreakout_D1_120,349.06,5.480000000000018
SMH,PrevDayBreakout_D1,2025-12-01T00:00:00-05:00,2025-12-02T00:00:00-05:00,355.635,347.71,371.485,2025-12-08T00:00:00-05:00,368.64,time stop win,1.641,win,SMH_PrevDayBreakout_D1_121,355.635,7.925000000000011
SMH,PrevDayBreakout_D1,2025-12-02T00:00:00-05:00,2025-12-03T00:00:00-05:00,359.795,348.165,383.055,2025-12-09T00:00:00-05:00,369.05,time stop win,0.7958,win,SMH_PrevDayBreakout_D1_122,359.795,11.629999999999995
SMH,PrevDayBreakout_D1,2025-12-03T00:00:00-05:00,2025-12-04T00:00:00-05:00,363.3,354.28,381.34,2025-12-10T00:00:00-05:00,374.18,time stop win,1.2062,win,SMH_PrevDayBreakout_D1_123,363.3,9.020000000000039
SMH,PrevDayBreakout_D1,2025-12-05T00:00:00-05:00,2025-12-08T00:00:00-05:00,367.84,359.68,384.16,2025-12-12T00:00:00-05:00,359.68,SL hit,-1.0,loss,SMH_PrevDayBreakout_D1_125,367.84,8.159999999999968
SMH,PrevDayBreakout_D1,2025-12-08T00:00:00-05:00,2025-12-09T00:00:00-05:00,366.63,363.69,372.51,2025-12-10T00:00:00-05:00,372.51,TP hit,2.0,win,SMH_PrevDayBreakout_D1_126,366.63,2.9399999999999977
SMH,PrevDayBreakout_D1,2025-12-10T00:00:00-05:00,2025-12-11T00:00:00-05:00,369.66,365.35,378.28,2025-12-11T00:00:00-05:00,365.35,SL hit,-1.0,loss,SMH_PrevDayBreakout_D1_128,369.66,4.310000000000002
SMH,PrevDayBreakout_D1,2025-12-19T00:00:00-05:00,2025-12-22T00:00:00-05:00,362.41,345.86,395.51,2025-12-29T00:00:00-05:00,364.28,time stop win,0.113,win,SMH_PrevDayBreakout_D1_135,362.41,16.55000000000001
SMH,PrevDayBreakout_D1,2025-12-22T00:00:00-05:00,2025-12-23T00:00:00-05:00,358.635,351.095,373.715,2025-12-30T00:00:00-05:00,363.24,time stop win,0.6107,win,SMH_PrevDayBreakout_D1_136,358.635,7.539999999999964
SMH,PrevDayBreakout_D1,2025-12-23T00:00:00-05:00,2025-12-24T00:00:00-05:00,362.65,357.79,372.37,2025-12-31T00:00:00-05:00,360.19,time stop loss,-0.5062,loss,SMH_PrevDayBreakout_D1_137,362.65,4.859999999999957
SMH,PrevDayBreakout_D1,2025-12-24T00:00:00-05:00,2025-12-26T00:00:00-05:00,366.065,358.16,381.875,2026-01-02T00:00:00-05:00,373.33,time stop win,0.919,win,SMH_PrevDayBreakout_D1_138,366.065,7.904999999999973
SMH,PrevDayBreakout_D1,2026-01-02T00:00:00-05:00,2026-01-05T00:00:00-05:00,381.69,360.1,424.87,2026-01-09T00:00:00-05:00,389.32,time stop win,0.3534,win,SMH_PrevDayBreakout_D1_143,381.69,21.589999999999975
SMH,PrevDayBreakout_D1,2026-01-05T00:00:00-05:00,2026-01-06T00:00:00-05:00,382.395,368.835,409.515,2026-01-12T00:00:00-05:00,390.54,time stop win,0.6007,win,SMH_PrevDayBreakout_D1_144,382.395,13.560000000000002
SMH,PrevDayBreakout_D1,2026-01-06T00:00:00-05:00,2026-01-07T00:00:00-05:00,384.65,377.01,399.93,2026-01-08T00:00:00-05:00,377.01,SL hit,-1.0,loss,SMH_PrevDayBreakout_D1_145,384.65,7.639999999999986
SMH,PrevDayBreakout_D1,2026-01-09T00:00:00-05:00,2026-01-12T00:00:00-05:00,386.51,375.99,407.55,2026-01-16T00:00:00-05:00,400.44,time stop win,1.3241,win,SMH_PrevDayBreakout_D1_148,386.51,10.519999999999982
SMH,PrevDayBreakout_D1,2026-01-15T00:00:00-05:00,2026-01-16T00:00:00-05:00,402.68,383.98,440.08,2026-01-23T00:00:00-05:00,400.18,time stop loss,-0.1337,loss,SMH_PrevDayBreakout_D1_152,402.68,18.69999999999999
SMH,PrevDayBreakout_D1,2026-01-21T00:00:00-05:00,2026-01-22T00:00:00-05:00,408.29,389.54,445.79,2026-01-28T00:00:00-05:00,416.61,time stop win,0.4437,win,SMH_PrevDayBreakout_D1_155,408.29,18.75
SMH,PrevDayBreakout_D1,2026-01-27T00:00:00-05:00,2026-01-28T00:00:00-05:00,414.87,396.715,451.18,2026-02-03T00:00:00-05:00,396.715,SL hit,-1.0,loss,SMH_PrevDayBreakout_D1_159,414.87,18.15500000000003
SMH,PrevDayBreakout_D1,2026-01-28T00:00:00-05:00,2026-01-29T00:00:00-05:00,417.455,402.28,447.805,2026-01-30T00:00:00-05:00,402.28,SL hit,-1.0,loss,SMH_PrevDayBreakout_D1_160,417.455,15.175000000000011
SMH,PrevDayBreakout_D1,2026-02-06T00:00:00-05:00,2026-02-09T00:00:00-05:00,398.74,375.64,444.94,2026-02-13T00:00:00-05:00,407.63,time stop win,0.3848,win,SMH_PrevDayBreakout_D1_167,398.74,23.100000000000023
SMH,PrevDayBreakout_D1,2026-02-09T00:00:00-05:00,2026-02-10T00:00:00-05:00,407.81,387.455,448.52,2026-02-17T00:00:00-05:00,407.395,time stop loss,-0.0204,loss,SMH_PrevDayBreakout_D1_168,407.81,20.355000000000018
SMH,PrevDayBreakout_D1,2026-02-11T00:00:00-05:00,2026-02-12T00:00:00-05:00,418.05,401.91,450.33,2026-02-17T00:00:00-05:00,401.91,SL hit,-1.0,loss,SMH_PrevDayBreakout_D1_170,418.05,16.139999999999986
SMH,PrevDayBreakout_D1,2026-02-18T00:00:00-05:00,2026-02-19T00:00:00-05:00,408.715,398.06,430.025,2026-02-25T00:00:00-05:00,426.16,time stop win,1.6373,win,SMH_PrevDayBreakout_D1_174,408.715,10.654999999999973
SMH,PrevDayBreakout_D1,2026-02-20T00:00:00-05:00,2026-02-23T00:00:00-05:00,413.645,405.64,429.655,2026-02-26T00:00:00-05:00,405.64,SL hit,-1.0,loss,SMH_PrevDayBreakout_D1_176,413.645,8.004999999999995
SMH,PrevDayBreakout_D1,2026-02-24T00:00:00-05:00,2026-02-25T00:00:00-05:00,424.345,409.36,454.315,2026-02-26T00:00:00-05:00,409.36,SL hit,-1.0,loss,SMH_PrevDayBreakout_D1_178,424.345,14.985000000000014
SMH,PrevDayBreakout_D1,2026-02-25T00:00:00-05:00,2026-02-26T00:00:00-05:00,423.55,411.86,446.93,2026-02-26T00:00:00-05:00,411.86,SL hit,-1.0,loss,SMH_PrevDayBreakout_D1_179,423.55,11.689999999999998
SMH,TwoDayBreakout_D1,2025-06-24T00:00:00-04:00,2025-06-25T00:00:00-04:00,273.12,257.19,304.98,2025-07-01T00:00:00-04:00,275.77,time stop win,0.1664,win,SMH_TwoDayBreakout_D1_10,273.12,15.930000000000007
SMH,TwoDayBreakout_D1,2025-06-25T00:00:00-04:00,2025-06-26T00:00:00-04:00,277.095,257.19,316.905,2025-07-02T00:00:00-04:00,281.265,time stop win,0.2095,win,SMH_TwoDayBreakout_D1_11,277.095,19.90500000000003
SMH,TwoDayBreakout_D1,2025-06-26T00:00:00-04:00,2025-06-27T00:00:00-04:00,277.89,266.155,301.36,2025-07-03T00:00:00-04:00,283.92,time stop win,0.5138,win,SMH_TwoDayBreakout_D1_12,277.89,11.735000000000014
SMH,TwoDayBreakout_D1,2025-06-27T00:00:00-04:00,2025-06-30T00:00:00-04:00,279.26,272.69,292.4,2025-07-01T00:00:00-04:00,272.69,SL hit,-1.0,loss,SMH_TwoDayBreakout_D1_13,279.26,6.569999999999993
SMH,TwoDayBreakout_D1,2025-07-02T00:00:00-04:00,2025-07-03T00:00:00-04:00,282.81,272.27,303.89,2025-07-10T00:00:00-04:00,287.53,time stop win,0.4478,win,SMH_TwoDayBreakout_D1_16,282.81,10.54000000000002
SMH,TwoDayBreakout_D1,2025-07-03T00:00:00-04:00,2025-07-07T00:00:00-04:00,281.67,272.27,300.47,2025-07-11T00:00:00-04:00,287.5,time stop win,0.6202,win,SMH_TwoDayBreakout_D1_17,281.67,9.400000000000034
SMH,TwoDayBreakout_D1,2025-07-09T00:00:00-04:00,2025-07-10T00:00:00-04:00,287.65,278.62,305.71,2025-07-16T00:00:00-04:00,289.36,time stop win,0.1894,win,SMH_TwoDayBreakout_D1_20,287.65,9.029999999999973
SMH,TwoDayBreakout_D1,2025-07-15T00:00:00-04:00,2025-07-16T00:00:00-04:00,288.345,281.75,301.535,2025-07-22T00:00:00-04:00,285.4,time stop loss,-0.4466,loss,SMH_TwoDayBreakout_D1_24,288.345,6.595000000000027
SMH,TwoDayBreakout_D1,2025-07-28T00:00:00-04:00,2025-07-29T00:00:00-04:00,293.69,284.92,311.23,2025-08-01T00:00:00-04:00,284.92,SL hit,-1.0,loss,SMH_TwoDayBreakout_D1_33,293.69,8.769999999999982
SMH,TwoDayBreakout_D1,2025-07-29T00:00:00-04:00,2025-07-30T00:00:00-04:00,294.62,285.2,313.46,2025-08-01T00:00:00-04:00,285.2,SL hit,-1.0,loss,SMH_TwoDayBreakout_D1_34,294.62,9.420000000000016
SMH,TwoDayBreakout_D1,2025-08-07T00:00:00-04:00,2025-08-08T00:00:00-04:00,291.83,282.86,309.77,2025-08-14T00:00:00-04:00,302.1,time stop win,1.1449,win,SMH_TwoDayBreakout_D1_41,291.83,8.96999999999997
SMH,TwoDayBreakout_D1,2025-08-12T00:00:00-04:00,2025-08-13T00:00:00-04:00,301.84,290.79,323.94,2025-08-19T00:00:00-04:00,290.79,SL hit,-1.0,loss,SMH_TwoDayBreakout_D1_44,301.84,11.049999999999955
SMH,TwoDayBreakout_D1,2025-08-13T00:00:00-04:00,2025-08-14T00:00:00-04:00,298.0,292.755,308.49,2025-08-19T00:00:00-04:00,292.755,SL hit,-1.0,loss,SMH_TwoDayBreakout_D1_45,298.0,5.2450000000000045
SMH,TwoDayBreakout_D1,2025-08-22T00:00:00-04:00,2025-08-25T00:00:00-04:00,293.89,281.15,319.37,2025-08-29T00:00:00-04:00,290.25,time stop loss,-0.2857,loss,SMH_TwoDayBreakout_D1_52,293.89,12.740000000000009
SMH,TwoDayBreakout_D1,2025-08-26T00:00:00-04:00,2025-08-27T00:00:00-04:00,295.85,286.655,314.24,2025-09-02T00:00:00-04:00,286.655,SL hit,-1.0,loss,SMH_TwoDayBreakout_D1_54,295.85,9.19500000000005
SMH,TwoDayBreakout_D1,2025-08-27T00:00:00-04:00,2025-08-28T00:00:00-04:00,298.105,292.17,309.975,2025-08-29T00:00:00-04:00,292.17,SL hit,-1.0,loss,SMH_TwoDayBreakout_D1_55,298.105,5.935000000000002
SMH,TwoDayBreakout_D1,2025-08-28T00:00:00-04:00,2025-08-29T00:00:00-04:00,295.4,294.58,297.04,2025-08-29T00:00:00-04:00,294.58,SL hit,-1.0,loss,SMH_TwoDayBreakout_D1_56,295.4,0.8199999999999932
SMH,TwoDayBreakout_D1,2025-09-04T00:00:00-04:00,2025-09-05T00:00:00-04:00,294.91,281.83,321.07,2025-09-11T00:00:00-04:00,303.96,time stop win,0.6919,win,SMH_TwoDayBreakout_D1_60,294.91,13.080000000000041
SMH,TwoDayBreakout_D1,2025-09-05T00:00:00-04:00,2025-09-08T00:00:00-04:00,295.135,283.81,317.785,2025-09-12T00:00:00-04:00,304.37,time stop win,0.8155,win,SMH_TwoDayBreakout_D1_61,295.135,11.324999999999989
SMH,TwoDayBreakout_D1,2025-09-08T00:00:00-04:00,2025-09-09T00:00:00-04:00,297.24,284.33,323.06,2025-09-15T00:00:00-04:00,307.18,time stop win,0.7699,win,SMH_TwoDayBreakout_D1_62,297.24,12.910000000000025
SMH,TwoDayBreakout_D1,2025-09-09T00:00:00-04:00,2025-09-10T00:00:00-04:00,300.59,289.275,323.22,2025-09-16T00:00:00-04:00,307.19,time stop win,0.5833,win,SMH_TwoDayBreakout_D1_63,300.59,11.314999999999998
SMH,TwoDayBreakout_D1,2025-09-10T00:00:00-04:00,2025-09-11T00:00:00-04:00,303.71,295.01,321.11,2025-09-17T00:00:00-04:00,305.17,time stop win,0.1678,win,SMH_TwoDayBreakout_D1_64,303.71,8.699999999999989
SMH,TwoDayBreakout_D1,2025-09-11T00:00:00-04:00,2025-09-12T00:00:00-04:00,305.03,295.23,324.63,2025-09-18T00:00:00-04:00,317.12,time stop win,1.2337,win,SMH_TwoDayBreakout_D1_65,305.03,9.799999999999955
SMH,TwoDayBreakout_D1,2025-09-15T00:00:00-04:00,2025-09-16T00:00:00-04:00,308.425,303.2,318.875,2025-09-17T00:00:00-04:00,303.2,SL hit,-1.0,loss,SMH_TwoDayBreakout_D1_67,308.425,5.225000000000023
SMH,TwoDayBreakout_D1,2025-09-18T00:00:00-04:00,2025-09-19T00:00:00-04:00,316.395,301.42,346.345,2025-09-25T00:00:00-04:00,320.985,time stop win,0.3065,win,SMH_TwoDayBreakout_D1_70,316.395,14.974999999999966
SMH,TwoDayBreakout_D1,2025-09-22T00:00:00-04:00,2025-09-23T00:00:00-04:00,323.09,312.62,344.03,2025-09-29T00:00:00-04:00,322.65,time stop loss,-0.042,loss,SMH_TwoDayBreakout_D1_72,323.09,10.46999999999997
SMH,TwoDayBreakout_D1,2025-09-29T00:00:00-04:00,2025-09-30T00:00:00-04:00,322.875,313.65,341.325,2025-10-06T00:00:00-04:00,341.325,TP hit,2.0,win,SMH_TwoDayBreakout_D1_77,322.875,9.225000000000023
SMH,TwoDayBreakout_D1,2025-10-01T00:00:00-04:00,2025-10-02T00:00:00-04:00,339.66,322.485,374.01,2025-10-08T00:00:00-04:00,346.165,time stop win,0.3787,win,SMH_TwoDayBreakout_D1_79,339.66,17.17500000000001
SMH,TwoDayBreakout_D1,2025-10-02T00:00:00-04:00,2025-10-03T00:00:00-04:00,339.29,322.485,372.9,2025-10-09T00:00:00-04:00,345.06,time stop win,0.3434,win,SMH_TwoDayBreakout_D1_80,339.29,16.805000000000007
SMH,TwoDayBreakout_D1,2025-10-06T00:00:00-04:00,2025-10-07T00:00:00-04:00,346.13,335.315,367.76,2025-10-10T00:00:00-04:00,335.315,SL hit,-1.0,loss,SMH_TwoDayBreakout_D1_82,346.13,10.814999999999998
SMH,TwoDayBreakout_D1,2025-10-15T00:00:00-04:00,2025-10-16T00:00:00-04:00,346.285,330.4,378.055,2025-10-22T00:00:00-04:00,338.715,time stop loss,-0.4766,loss,SMH_TwoDayBreakout_D1_89,346.285,15.885000000000048
SMH,TwoDayBreakout_D1,2025-10-16T00:00:00-04:00,2025-10-17T00:00:00-04:00,340.705,330.4,361.315,2025-10-23T00:00:00-04:00,345.01,time stop win,0.4178,win,SMH_TwoDayBreakout_D1_90,340.705,10.305000000000007
SMH,TwoDayBreakout_D1,2025-10-20T00:00:00-04:00,2025-10-21T00:00:00-04:00,346.92,338.26,364.24,2025-10-22T00:00:00-04:00,338.26,SL hit,-1.0,loss,SMH_TwoDayBreakout_D1_92,346.92,8.660000000000025
SMH,TwoDayBreakout_D1,2025-10-24T00:00:00-04:00,2025-10-27T00:00:00-04:00,357.33,332.42,407.15,2025-10-31T00:00:00-04:00,363.04,time stop win,0.2292,win,SMH_TwoDayBreakout_D1_96,357.33,24.909999999999968
SMH,TwoDayBreakout_D1,2025-10-27T00:00:00-04:00,2025-10-28T00:00:00-04:00,359.66,336.91,405.16,2025-11-03T00:00:00-05:00,366.03,time stop win,0.28,win,SMH_TwoDayBreakout_D1_97,359.66,22.75
SMH,TwoDayBreakout_D1,2025-10-28T00:00:00-04:00,2025-10-29T00:00:00-04:00,369.26,349.88,408.02,2025-11-04T00:00:00-05:00,352.39,time stop loss,-0.8705,loss,SMH_TwoDayBreakout_D1_98,369.26,19.379999999999995
SMH,TwoDayBreakout_D1,2025-10-29T00:00:00-04:00,2025-10-30T00:00:00-04:00,367.565,356.21,390.275,2025-11-04T00:00:00-05:00,356.21,SL hit,-1.0,loss,SMH_TwoDayBreakout_D1_99,367.565,11.355000000000018
SMH,TwoDayBreakout_D1,2025-11-26T00:00:00-05:00,2025-11-28T00:00:00-05:00,349.2,327.5,392.6,2025-12-04T00:00:00-05:00,361.5,time stop win,0.5668,win,SMH_TwoDayBreakout_D1_119,349.2,21.69999999999999
SMH,TwoDayBreakout_D1,2025-11-28T00:00:00-05:00,2025-12-01T00:00:00-05:00,349.06,327.5,392.18,2025-12-05T00:00:00-05:00,364.45,time stop win,0.7138,win,SMH_TwoDayBreakout_D1_120,349.06,21.560000000000002
SMH,TwoDayBreakout_D1,2025-12-01T00:00:00-05:00,2025-12-02T00:00:00-05:00,355.635,343.58,379.745,2025-12-08T00:00:00-05:00,368.64,time stop win,1.0788,win,SMH_TwoDayBreakout_D1_121,355.635,12.055000000000007
SMH,TwoDayBreakout_D1,2025-12-02T00:00:00-05:00,2025-12-03T00:00:00-05:00,359.795,347.71,383.965,2025-12-09T00:00:00-05:00,369.05,time stop win,0.7658,win,SMH_TwoDayBreakout_D1_122,359.795,12.085000000000036
SMH,TwoDayBreakout_D1,2025-12-03T00:00:00-05:00,2025-12-04T00:00:00-05:00,363.3,348.165,393.57,2025-12-10T00:00:00-05:00,374.18,time stop win,0.7189,win,SMH_TwoDayBreakout_D1_123,363.3,15.134999999999991
SMH,TwoDayBreakout_D1,2025-12-08T00:00:00-05:00,2025-12-09T00:00:00-05:00,366.63,359.68,380.53,2025-12-12T00:00:00-05:00,359.68,SL hit,-1.0,loss,SMH_TwoDayBreakout_D1_126,366.63,6.949999999999989
SMH,TwoDayBreakout_D1,2025-12-10T00:00:00-05:00,2025-12-11T00:00:00-05:00,369.66,365.35,378.28,2025-12-11T00:00:00-05:00,365.35,SL hit,-1.0,loss,SMH_TwoDayBreakout_D1_128,369.66,4.310000000000002
SMH,TwoDayBreakout_D1,2025-12-19T00:00:00-05:00,2025-12-22T00:00:00-05:00,362.41,338.18,410.87,2025-12-29T00:00:00-05:00,364.28,time stop win,0.0772,win,SMH_TwoDayBreakout_D1_135,362.41,24.230000000000018
SMH,TwoDayBreakout_D1,2025-12-22T00:00:00-05:00,2025-12-23T00:00:00-05:00,358.635,345.86,384.185,2025-12-30T00:00:00-05:00,363.24,time stop win,0.3605,win,SMH_TwoDayBreakout_D1_136,358.635,12.774999999999977
SMH,TwoDayBreakout_D1,2025-12-23T00:00:00-05:00,2025-12-24T00:00:00-05:00,362.65,351.095,385.76,2025-12-31T00:00:00-05:00,360.19,time stop loss,-0.2129,loss,SMH_TwoDayBreakout_D1_137,362.65,11.55499999999995
SMH,TwoDayBreakout_D1,2025-12-24T00:00:00-05:00,2025-12-26T00:00:00-05:00,366.065,357.79,382.615,2026-01-02T00:00:00-05:00,373.33,time stop win,0.8779,win,SMH_TwoDayBreakout_D1_138,366.065,8.274999999999977
SMH,TwoDayBreakout_D1,2025-12-26T00:00:00-05:00,2025-12-29T00:00:00-05:00,361.54,358.16,368.3,2026-01-02T00:00:00-05:00,368.3,TP hit,2.0,win,SMH_TwoDayBreakout_D1_139,361.54,3.3799999999999955
SMH,TwoDayBreakout_D1,2026-01-02T00:00:00-05:00,2026-01-05T00:00:00-05:00,381.69,360.1,424.87,2026-01-09T00:00:00-05:00,389.32,time stop win,0.3534,win,SMH_TwoDayBreakout_D1_143,381.69,21.589999999999975
SMH,TwoDayBreakout_D1,2026-01-05T00:00:00-05:00,2026-01-06T00:00:00-05:00,382.395,360.1,426.985,2026-01-12T00:00:00-05:00,390.54,time stop win,0.3653,win,SMH_TwoDayBreakout_D1_144,382.395,22.29499999999996
SMH,TwoDayBreakout_D1,2026-01-06T00:00:00-05:00,2026-01-07T00:00:00-05:00,384.65,368.835,416.28,2026-01-13T00:00:00-05:00,391.63,time stop win,0.4414,win,SMH_TwoDayBreakout_D1_145,384.65,15.814999999999998
SMH,TwoDayBreakout_D1,2026-01-09T00:00:00-05:00,2026-01-12T00:00:00-05:00,386.51,375.99,407.55,2026-01-16T00:00:00-05:00,400.44,time stop win,1.3241,win,SMH_TwoDayBreakout_D1_148,386.51,10.519999999999982
SMH,TwoDayBreakout_D1,2026-01-15T00:00:00-05:00,2026-01-16T00:00:00-05:00,402.68,383.98,440.08,2026-01-23T00:00:00-05:00,400.18,time stop loss,-0.1337,loss,SMH_TwoDayBreakout_D1_152,402.68,18.69999999999999
SMH,TwoDayBreakout_D1,2026-01-27T00:00:00-05:00,2026-01-28T00:00:00-05:00,414.87,396.715,451.18,2026-02-03T00:00:00-05:00,396.715,SL hit,-1.0,loss,SMH_TwoDayBreakout_D1_159,414.87,18.15500000000003
SMH,TwoDayBreakout_D1,2026-01-28T00:00:00-05:00,2026-01-29T00:00:00-05:00,417.455,396.715,458.935,2026-02-03T00:00:00-05:00,396.715,SL hit,-1.0,loss,SMH_TwoDayBreakout_D1_160,417.455,20.74000000000001
SMH,TwoDayBreakout_D1,2026-02-06T00:00:00-05:00,2026-02-09T00:00:00-05:00,398.74,374.3,447.62,2026-02-13T00:00:00-05:00,407.63,time stop win,0.3637,win,SMH_TwoDayBreakout_D1_167,398.74,24.439999999999998
SMH,TwoDayBreakout_D1,2026-02-09T00:00:00-05:00,2026-02-10T00:00:00-05:00,407.81,375.64,472.15,2026-02-17T00:00:00-05:00,407.395,time stop loss,-0.0129,loss,SMH_TwoDayBreakout_D1_168,407.81,32.170000000000016
SMH,TwoDayBreakout_D1,2026-02-11T00:00:00-05:00,2026-02-12T00:00:00-05:00,418.05,397.01,460.13,2026-02-19T00:00:00-05:00,410.2,time stop loss,-0.3731,loss,SMH_TwoDayBreakout_D1_170,418.05,21.04000000000002
SMH,TwoDayBreakout_D1,2026-02-18T00:00:00-05:00,2026-02-19T00:00:00-05:00,408.715,398.06,430.025,2026-02-25T00:00:00-05:00,426.16,time stop win,1.6373,win,SMH_TwoDayBreakout_D1_174,408.715,10.654999999999973
SMH,TwoDayBreakout_D1,2026-02-24T00:00:00-05:00,2026-02-25T00:00:00-05:00,424.345,407.28,458.475,2026-02-26T00:00:00-05:00,407.28,SL hit,-1.0,loss,SMH_TwoDayBreakout_D1_178,424.345,17.065000000000055
SMH,TwoDayBreakout_D1,2026-02-25T00:00:00-05:00,2026-02-26T00:00:00-05:00,423.55,409.36,451.93,2026-02-26T00:00:00-05:00,409.36,SL hit,-1.0,loss,SMH_TwoDayBreakout_D1_179,423.55,14.189999999999998
VTV,MeanReversion_D1,2025-06-17T00:00:00-04:00,2025-06-18T00:00:00-04:00,172.815,172.64,173.165,2025-06-18T00:00:00-04:00,173.165,TP hit,2.0,win,VTV_MeanReversion_D1_6,172.815,0.17500000000001137
VTV,MeanReversion_D1,2025-06-25T00:00:00-04:00,2025-06-26T00:00:00-04:00,175.37,174.81,176.49,2025-06-27T00:00:00-04:00,176.49,TP hit,2.0,win,VTV_MeanReversion_D1_11,175.37,0.5600000000000023
VTV,MeanReversion_D1,2025-07-07T00:00:00-04:00,2025-07-08T00:00:00-04:00,177.88,177.73,178.18,2025-07-08T00:00:00-04:00,178.18,TP hit,2.0,win,VTV_MeanReversion_D1_18,177.88,0.15000000000000568
VTV,MeanReversion_D1,2025-07-15T00:00:00-04:00,2025-07-16T00:00:00-04:00,176.635,176.185,177.535,2025-07-16T00:00:00-04:00,176.185,SL hit,-1.0,loss,VTV_MeanReversion_D1_24,176.635,0.44999999999998863
VTV,MeanReversion_D1,2025-07-21T00:00:00-04:00,2025-07-22T00:00:00-04:00,177.43,177.36,177.57,2025-07-22T00:00:00-04:00,177.57,TP hit,2.0,win,VTV_MeanReversion_D1_28,177.43,0.06999999999999318
VTV,MeanReversion_D1,2025-07-30T00:00:00-04:00,2025-07-31T00:00:00-04:00,178.29,177.865,179.14,2025-07-31T00:00:00-04:00,177.865,SL hit,-1.0,loss,VTV_MeanReversion_D1_35,178.29,0.42499999999998295
VTV,MeanReversion_D1,2025-08-01T00:00:00-04:00,2025-08-04T00:00:00-04:00,176.21,174.41,179.81,2025-08-08T00:00:00-04:00,177.92,time stop win,0.95,win,VTV_MeanReversion_D1_37,176.21,1.8000000000000114
VTV,MeanReversion_D1,2025-09-02T00:00:00-04:00,2025-09-03T00:00:00-04:00,181.92,181.125,183.51,2025-09-03T00:00:00-04:00,181.125,SL hit,-1.0,loss,VTV_MeanReversion_D1_58,181.92,0.7949999999999875
VTV,MeanReversion_D1,2025-09-15T00:00:00-04:00,2025-09-16T00:00:00-04:00,184.85,184.405,185.74,2025-09-16T00:00:00-04:00,184.405,SL hit,-1.0,loss,VTV_MeanReversion_D1_67,184.85,0.4449999999999932
VTV,MeanReversion_D1,2025-09-16T00:00:00-04:00,2025-09-17T00:00:00-04:00,184.98,183.98,186.98,2025-09-23T00:00:00-04:00,186.98,TP hit,2.0,win,VTV_MeanReversion_D1_68,184.98,1.0
VTV,MeanReversion_D1,2025-09-25T00:00:00-04:00,2025-09-26T00:00:00-04:00,185.61,184.52,187.79,2025-10-02T00:00:00-04:00,186.545,time stop win,0.8578,win,VTV_MeanReversion_D1_75,185.61,1.0900000000000034
VTV,MeanReversion_D1,2025-10-09T00:00:00-04:00,2025-10-10T00:00:00-04:00,186.445,185.75,187.835,2025-10-10T00:00:00-04:00,185.75,SL hit,-1.0,loss,VTV_MeanReversion_D1_85,186.445,0.6949999999999932
VTV,MeanReversion_D1,2025-10-10T00:00:00-04:00,2025-10-13T00:00:00-04:00,183.84,182.83,185.86,2025-10-14T00:00:00-04:00,185.86,TP hit,2.0,win,VTV_MeanReversion_D1_86,183.84,1.009999999999991
VTV,MeanReversion_D1,2025-10-16T00:00:00-04:00,2025-10-17T00:00:00-04:00,184.955,184.23,186.405,2025-10-20T00:00:00-04:00,186.405,TP hit,2.0,win,VTV_MeanReversion_D1_90,184.955,0.7250000000000227
VTV,MeanReversion_D1,2025-10-22T00:00:00-04:00,2025-10-23T00:00:00-04:00,186.875,185.95,188.725,2025-10-27T00:00:00-04:00,188.725,TP hit,2.0,win,VTV_MeanReversion_D1_94,186.875,0.9250000000000114
VTV,MeanReversion_D1,2025-11-14T00:00:00-05:00,2025-11-17T00:00:00-05:00,186.905,186.15,188.415,2025-11-17T00:00:00-05:00,186.15,SL hit,-1.0,loss,VTV_MeanReversion_D1_111,186.905,0.7549999999999955
VTV,MeanReversion_D1,2025-11-20T00:00:00-05:00,2025-11-21T00:00:00-05:00,183.645,182.85,185.235,2025-11-21T00:00:00-05:00,185.235,TP hit,2.0,win,VTV_MeanReversion_D1_115,183.645,0.7950000000000159
VTV,MeanReversion_D1,2025-12-01T00:00:00-05:00,2025-12-02T00:00:00-05:00,189.25,189.04,189.67,2025-12-02T00:00:00-05:00,189.04,SL hit,-1.0,loss,VTV_MeanReversion_D1_121,189.25,0.21000000000000796
VTV,MeanReversion_D1,2025-12-02T00:00:00-05:00,2025-12-03T00:00:00-05:00,189.32,188.29,191.38,2025-12-09T00:00:00-05:00,188.92,time stop loss,-0.3883,loss,VTV_MeanReversion_D1_122,189.32,1.0300000000000011
VTV,MeanReversion_D1,2025-12-08T00:00:00-05:00,2025-12-09T00:00:00-05:00,190.01,189.18,191.67,2025-12-09T00:00:00-05:00,189.18,SL hit,-1.0,loss,VTV_MeanReversion_D1_126,190.01,0.8299999999999841
VTV,MeanReversion_D1,2025-12-09T00:00:00-05:00,2025-12-10T00:00:00-05:00,189.205,188.87,189.875,2025-12-10T00:00:00-05:00,189.875,TP hit,2.0,win,VTV_MeanReversion_D1_127,189.205,0.33500000000000796
VTV,MeanReversion_D1,2025-12-16T00:00:00-05:00,2025-12-17T00:00:00-05:00,191.51,190.89,192.75,2025-12-17T00:00:00-05:00,190.89,SL hit,-1.0,loss,VTV_MeanReversion_D1_132,191.51,0.6200000000000045
VTV,MeanReversion_D1,2025-12-31T00:00:00-05:00,2026-01-02T00:00:00-05:00,191.41,190.975,192.28,2026-01-02T00:00:00-05:00,190.975,SL hit,-1.0,loss,VTV_MeanReversion_D1_142,191.41,0.4350000000000023
VTV,MeanReversion_D1,2026-01-07T00:00:00-05:00,2026-01-08T00:00:00-05:00,194.0,193.83,194.34,2026-01-08T00:00:00-05:00,194.34,TP hit,2.0,win,VTV_MeanReversion_D1_146,194.0,0.1699999999999875
VTV,MeanReversion_D1,2026-01-20T00:00:00-05:00,2026-01-21T00:00:00-05:00,197.045,195.375,200.385,2026-01-27T00:00:00-05:00,198.22,time stop win,0.7036,win,VTV_MeanReversion_D1_154,197.045,1.6699999999999875
VTV,MeanReversion_D1,2026-01-23T00:00:00-05:00,2026-01-26T00:00:00-05:00,198.18,196.87,200.8,2026-01-30T00:00:00-05:00,199.79,time stop win,1.229,win,VTV_MeanReversion_D1_157,198.18,1.3100000000000023
VTV,MeanReversion_D1,2026-02-05T00:00:00-05:00,2026-02-06T00:00:00-05:00,203.76,202.02,207.24,2026-02-11T00:00:00-05:00,207.24,TP hit,2.0,win,VTV_MeanReversion_D1_166,203.76,1.7399999999999807
VTV,MeanReversion_D1,2026-02-12T00:00:00-05:00,2026-02-13T00:00:00-05:00,204.56,204.49,204.7,2026-02-13T00:00:00-05:00,204.49,SL hit,-1.0,loss,VTV_MeanReversion_D1_171,204.56,0.06999999999999318
XAR,TwoDayBreakout_D1,2025-06-20T00:00:00-04:00,2025-06-23T00:00:00-04:00,201.21,196.8,210.03,2025-06-27T00:00:00-04:00,210.03,TP hit,2.0,win,XAR_TwoDayBreakout_D1_8,201.21,4.409999999999997
XAR,TwoDayBreakout_D1,2025-06-23T00:00:00-04:00,2025-06-24T00:00:00-04:00,200.39,196.8,207.57,2025-06-27T00:00:00-04:00,207.57,TP hit,2.0,win,XAR_TwoDayBreakout_D1_9,200.39,3.589999999999975
XAR,TwoDayBreakout_D1,2025-06-25T00:00:00-04:00,2025-06-26T00:00:00-04:00,202.42,198.49,210.28,2025-06-27T00:00:00-04:00,210.28,TP hit,2.0,win,XAR_TwoDayBreakout_D1_11,202.42,3.9299999999999784
XAR,TwoDayBreakout_D1,2025-06-26T00:00:00-04:00,2025-06-27T00:00:00-04:00,207.86,199.0,225.58,2025-07-03T00:00:00-04:00,208.46,time stop win,0.0677,win,XAR_TwoDayBreakout_D1_12,207.86,8.860000000000014
XAR,TwoDayBreakout_D1,2025-06-27T00:00:00-04:00,2025-06-30T00:00:00-04:00,211.08,201.44,230.36,2025-07-07T00:00:00-04:00,209.49,time stop loss,-0.1649,loss,XAR_TwoDayBreakout_D1_13,211.08,9.640000000000015
XAR,TwoDayBreakout_D1,2025-06-30T00:00:00-04:00,2025-07-01T00:00:00-04:00,208.995,202.42,222.145,2025-07-08T00:00:00-04:00,208.155,time stop loss,-0.1278,loss,XAR_TwoDayBreakout_D1_14,208.995,6.575000000000017
XAR,TwoDayBreakout_D1,2025-07-07T00:00:00-04:00,2025-07-08T00:00:00-04:00,209.54,205.21,218.2,2025-07-14T00:00:00-04:00,215.83,time stop win,1.4527,win,XAR_TwoDayBreakout_D1_18,209.54,4.329999999999984
XAR,TwoDayBreakout_D1,2025-07-10T00:00:00-04:00,2025-07-11T00:00:00-04:00,211.395,205.71,222.765,2025-07-17T00:00:00-04:00,222.765,TP hit,2.0,win,XAR_TwoDayBreakout_D1_21,211.395,5.685000000000002
XAR,TwoDayBreakout_D1,2025-07-11T00:00:00-04:00,2025-07-14T00:00:00-04:00,211.635,208.34,218.225,2025-07-17T00:00:00-04:00,218.225,TP hit,2.0,win,XAR_TwoDayBreakout_D1_22,211.635,3.2949999999999875
XAR,TwoDayBreakout_D1,2025-07-14T00:00:00-04:00,2025-07-15T00:00:00-04:00,216.06,208.34,231.5,2025-07-21T00:00:00-04:00,219.4,time stop win,0.4326,win,XAR_TwoDayBreakout_D1_23,216.06,7.719999999999999
XAR,TwoDayBreakout_D1,2025-07-16T00:00:00-04:00,2025-07-17T00:00:00-04:00,219.47,211.635,235.14,2025-07-23T00:00:00-04:00,221.06,time stop win,0.2029,win,XAR_TwoDayBreakout_D1_25,219.47,7.835000000000008
XAR,TwoDayBreakout_D1,2025-07-17T00:00:00-04:00,2025-07-18T00:00:00-04:00,223.365,214.17,241.755,2025-07-22T00:00:00-04:00,214.17,SL hit,-1.0,loss,XAR_TwoDayBreakout_D1_26,223.365,9.195000000000022
XAR,TwoDayBreakout_D1,2025-08-04T00:00:00-04:00,2025-08-05T00:00:00-04:00,220.65,210.94,240.07,2025-08-11T00:00:00-04:00,214.66,time stop loss,-0.6169,loss,XAR_TwoDayBreakout_D1_38,220.65,9.710000000000008
XAR,TwoDayBreakout_D1,2025-08-05T00:00:00-04:00,2025-08-06T00:00:00-04:00,217.28,210.94,229.96,2025-08-12T00:00:00-04:00,218.66,time stop win,0.2177,win,XAR_TwoDayBreakout_D1_39,217.28,6.340000000000003
XAR,TwoDayBreakout_D1,2025-08-12T00:00:00-04:00,2025-08-13T00:00:00-04:00,220.675,214.57,232.885,2025-08-15T00:00:00-04:00,214.57,SL hit,-1.0,loss,XAR_TwoDayBreakout_D1_44,220.675,6.105000000000018
XAR,TwoDayBreakout_D1,2025-08-13T00:00:00-04:00,2025-08-14T00:00:00-04:00,218.76,214.57,227.14,2025-08-15T00:00:00-04:00,214.57,SL hit,-1.0,loss,XAR_TwoDayBreakout_D1_45,218.76,4.189999999999998
XAR,TwoDayBreakout_D1,2025-08-22T00:00:00-04:00,2025-08-25T00:00:00-04:00,217.32,208.99,233.98,2025-08-29T00:00:00-04:00,217.52,time stop win,0.024,win,XAR_TwoDayBreakout_D1_52,217.32,8.329999999999984
XAR,TwoDayBreakout_D1,2025-08-26T00:00:00-04:00,2025-08-27T00:00:00-04:00,220.51,215.06,231.41,2025-09-03T00:00:00-04:00,215.06,SL hit,-1.0,loss,XAR_TwoDayBreakout_D1_54,220.51,5.449999999999989
XAR,TwoDayBreakout_D1,2025-09-08T00:00:00-04:00,2025-09-09T00:00:00-04:00,217.455,212.59,227.185,2025-09-15T00:00:00-04:00,223.71,time stop win,1.2857,win,XAR_TwoDayBreakout_D1_62,217.455,4.865000000000009
XAR,TwoDayBreakout_D1,2025-09-11T00:00:00-04:00,2025-09-12T00:00:00-04:00,221.27,213.87,236.07,2025-09-18T00:00:00-04:00,226.75,time stop win,0.7405,win,XAR_TwoDayBreakout_D1_65,221.27,7.400000000000006
XAR,TwoDayBreakout_D1,2025-09-15T00:00:00-04:00,2025-09-16T00:00:00-04:00,223.67,220.08,230.85,2025-09-22T00:00:00-04:00,225.985,time stop win,0.6448,win,XAR_TwoDayBreakout_D1_67,223.67,3.589999999999975
XAR,TwoDayBreakout_D1,2025-09-18T00:00:00-04:00,2025-09-19T00:00:00-04:00,225.93,221.7,234.39,2025-09-25T00:00:00-04:00,226.225,time stop win,0.0697,win,XAR_TwoDayBreakout_D1_70,225.93,4.230000000000018
XAR,TwoDayBreakout_D1,2025-09-23T00:00:00-04:00,2025-09-24T00:00:00-04:00,229.51,225.93,236.67,2025-09-25T00:00:00-04:00,225.93,SL hit,-1.0,loss,XAR_TwoDayBreakout_D1_73,229.51,3.579999999999984
XAR,TwoDayBreakout_D1,2025-09-26T00:00:00-04:00,2025-09-29T00:00:00-04:00,234.09,224.01,254.25,2025-10-03T00:00:00-04:00,241.21,time stop win,0.7063,win,XAR_TwoDayBreakout_D1_76,234.09,10.080000000000013
XAR,TwoDayBreakout_D1,2025-09-29T00:00:00-04:00,2025-09-30T00:00:00-04:00,230.935,224.01,244.785,2025-10-06T00:00:00-04:00,244.785,TP hit,2.0,win,XAR_TwoDayBreakout_D1_77,230.935,6.925000000000011
XAR,TwoDayBreakout_D1,2025-09-30T00:00:00-04:00,2025-10-01T00:00:00-04:00,235.48,228.7,249.04,2025-10-07T00:00:00-04:00,245.98,time stop win,1.5487,win,XAR_TwoDayBreakout_D1_78,235.48,6.780000000000001
XAR,TwoDayBreakout_D1,2025-10-01T00:00:00-04:00,2025-10-02T00:00:00-04:00,238.72,230.615,254.93,2025-10-08T00:00:00-04:00,249.5,time stop win,1.33,win,XAR_TwoDayBreakout_D1_79,238.72,8.10499999999999
XAR,TwoDayBreakout_D1,2025-10-02T00:00:00-04:00,2025-10-03T00:00:00-04:00,241.37,230.935,262.24,2025-10-09T00:00:00-04:00,245.06,time stop win,0.3536,win,XAR_TwoDayBreakout_D1_80,241.37,10.435000000000002
XAR,TwoDayBreakout_D1,2025-10-03T00:00:00-04:00,2025-10-06T00:00:00-04:00,244.18,234.99,262.56,2025-10-10T00:00:00-04:00,239.815,time stop loss,-0.475,loss,XAR_TwoDayBreakout_D1_81,244.18,9.189999999999998
XAR,TwoDayBreakout_D1,2025-10-06T00:00:00-04:00,2025-10-07T00:00:00-04:00,248.01,236.185,271.66,2025-10-13T00:00:00-04:00,243.925,time stop loss,-0.3455,loss,XAR_TwoDayBreakout_D1_82,248.01,11.824999999999989
XAR,TwoDayBreakout_D1,2025-10-08T00:00:00-04:00,2025-10-09T00:00:00-04:00,249.7,244.12,260.86,2025-10-10T00:00:00-04:00,244.12,SL hit,-1.0,loss,XAR_TwoDayBreakout_D1_84,249.7,5.579999999999984
XAR,TwoDayBreakout_D1,2025-10-14T00:00:00-04:00,2025-10-15T00:00:00-04:00,249.5,239.09,270.32,2025-10-16T00:00:00-04:00,239.09,SL hit,-1.0,loss,XAR_TwoDayBreakout_D1_88,249.5,10.409999999999997
XAR,TwoDayBreakout_D1,2025-10-21T00:00:00-04:00,2025-10-22T00:00:00-04:00,236.405,233.41,242.395,2025-10-23T00:00:00-04:00,242.395,TP hit,2.0,win,XAR_TwoDayBreakout_D1_93,236.405,2.9950000000000045
XAR,TwoDayBreakout_D1,2025-10-23T00:00:00-04:00,2025-10-24T00:00:00-04:00,249.615,235.18,278.485,2025-10-30T00:00:00-04:00,250.33,time stop win,0.0495,win,XAR_TwoDayBreakout_D1_95,249.615,14.435000000000002
XAR,TwoDayBreakout_D1,2025-10-24T00:00:00-04:00,2025-10-27T00:00:00-04:00,252.79,235.18,288.01,2025-10-31T00:00:00-04:00,249.31,time stop loss,-0.1976,loss,XAR_TwoDayBreakout_D1_96,252.79,17.609999999999985
XAR,TwoDayBreakout_D1,2025-10-27T00:00:00-04:00,2025-10-28T00:00:00-04:00,251.57,244.625,265.46,2025-11-03T00:00:00-05:00,249.31,time stop loss,-0.3254,loss,XAR_TwoDayBreakout_D1_97,251.57,6.944999999999993
XAR,TwoDayBreakout_D1,2025-11-24T00:00:00-05:00,2025-11-25T00:00:00-05:00,225.72,217.905,241.35,2025-12-02T00:00:00-05:00,226.065,time stop win,0.0441,win,XAR_TwoDayBreakout_D1_117,225.72,7.814999999999998
XAR,TwoDayBreakout_D1,2025-11-25T00:00:00-05:00,2025-11-26T00:00:00-05:00,229.68,217.905,253.23,2025-12-03T00:00:00-05:00,228.07,time stop loss,-0.1367,loss,XAR_TwoDayBreakout_D1_118,229.68,11.775000000000006
XAR,TwoDayBreakout_D1,2025-11-26T00:00:00-05:00,2025-11-28T00:00:00-05:00,230.31,223.34,244.25,2025-12-04T00:00:00-05:00,234.05,time stop win,0.5366,win,XAR_TwoDayBreakout_D1_119,230.31,6.969999999999999
XAR,TwoDayBreakout_D1,2025-11-28T00:00:00-05:00,2025-12-01T00:00:00-05:00,228.3,225.72,233.46,2025-12-01T00:00:00-05:00,225.72,SL hit,-1.0,loss,XAR_TwoDayBreakout_D1_120,228.3,2.5800000000000125
XAR,TwoDayBreakout_D1,2025-12-04T00:00:00-05:00,2025-12-05T00:00:00-05:00,230.77,225.51,241.29,2025-12-11T00:00:00-05:00,238.92,time stop win,1.5494,win,XAR_TwoDayBreakout_D1_124,230.77,5.260000000000019
XAR,TwoDayBreakout_D1,2025-12-10T00:00:00-05:00,2025-12-11T00:00:00-05:00,238.92,233.02,250.72,2025-12-16T00:00:00-05:00,233.02,SL hit,-1.0,loss,XAR_TwoDayBreakout_D1_128,238.92,5.899999999999977
XAR,TwoDayBreakout_D1,2025-12-11T00:00:00-05:00,2025-12-12T00:00:00-05:00,238.24,229.7,255.32,2025-12-17T00:00:00-05:00,229.7,SL hit,-1.0,loss,XAR_TwoDayBreakout_D1_129,238.24,8.54000000000002
XAR,TwoDayBreakout_D1,2025-12-19T00:00:00-05:00,2025-12-22T00:00:00-05:00,244.27,228.4,276.01,2025-12-29T00:00:00-05:00,244.71,time stop win,0.0277,win,XAR_TwoDayBreakout_D1_135,244.27,15.870000000000005
XAR,TwoDayBreakout_D1,2025-12-22T00:00:00-05:00,2025-12-23T00:00:00-05:00,248.09,232.93,278.41,2025-12-30T00:00:00-05:00,242.91,time stop loss,-0.3417,loss,XAR_TwoDayBreakout_D1_136,248.09,15.159999999999997
XAR,TwoDayBreakout_D1,2025-12-23T00:00:00-05:00,2025-12-24T00:00:00-05:00,249.965,236.95,275.995,2025-12-31T00:00:00-05:00,241.28,time stop loss,-0.6673,loss,XAR_TwoDayBreakout_D1_137,249.965,13.015000000000015
XAR,TwoDayBreakout_D1,2025-12-24T00:00:00-05:00,2025-12-26T00:00:00-05:00,248.475,244.27,256.885,2025-12-30T00:00:00-05:00,244.27,SL hit,-1.0,loss,XAR_TwoDayBreakout_D1_138,248.475,4.204999999999984
XAR,TwoDayBreakout_D1,2026-01-02T00:00:00-05:00,2026-01-05T00:00:00-05:00,253.5,240.75,279.0,2026-01-09T00:00:00-05:00,276.59,time stop win,1.811,win,XAR_TwoDayBreakout_D1_143,253.5,12.75
XAR,TwoDayBreakout_D1,2026-01-05T00:00:00-05:00,2026-01-06T00:00:00-05:00,260.815,240.75,300.945,2026-01-12T00:00:00-05:00,281.15,time stop win,1.0135,win,XAR_TwoDayBreakout_D1_144,260.815,20.064999999999998
XAR,TwoDayBreakout_D1,2026-01-06T00:00:00-05:00,2026-01-07T00:00:00-05:00,266.005,246.015,305.985,2026-01-13T00:00:00-05:00,281.54,time stop win,0.7771,win,XAR_TwoDayBreakout_D1_145,266.005,19.99000000000001
XAR,TwoDayBreakout_D1,2026-01-08T00:00:00-05:00,2026-01-09T00:00:00-05:00,271.745,260.48,294.275,2026-01-15T00:00:00-05:00,289.38,time stop win,1.5655,win,XAR_TwoDayBreakout_D1_147,271.745,11.264999999999986
XAR,TwoDayBreakout_D1,2026-01-09T00:00:00-05:00,2026-01-12T00:00:00-05:00,278.225,262.5,309.675,2026-01-16T00:00:00-05:00,293.02,time stop win,0.9409,win,XAR_TwoDayBreakout_D1_148,278.225,15.725000000000023
XAR,TwoDayBreakout_D1,2026-01-12T00:00:00-05:00,2026-01-13T00:00:00-05:00,284.44,268.35,316.62,2026-01-20T00:00:00-05:00,284.28,time stop loss,-0.0099,loss,XAR_TwoDayBreakout_D1_149,284.44,16.089999999999975
XAR,TwoDayBreakout_D1,2026-01-13T00:00:00-05:00,2026-01-14T00:00:00-05:00,281.045,271.745,299.645,2026-01-21T00:00:00-05:00,284.33,time stop win,0.3532,win,XAR_TwoDayBreakout_D1_150,281.045,9.300000000000011
XAR,TwoDayBreakout_D1,2026-01-15T00:00:00-05:00,2026-01-16T00:00:00-05:00,291.12,278.07,317.22,2026-01-23T00:00:00-05:00,282.96,time stop loss,-0.6253,loss,XAR_TwoDayBreakout_D1_152,291.12,13.050000000000011
XAR,TwoDayBreakout_D1,2026-01-16T00:00:00-05:00,2026-01-20T00:00:00-05:00,290.765,278.07,316.155,2026-01-26T00:00:00-05:00,279.43,time stop loss,-0.8929,loss,XAR_TwoDayBreakout_D1_153,290.765,12.694999999999993
XAR,TwoDayBreakout_D1,2026-02-03T00:00:00-05:00,2026-02-04T00:00:00-05:00,277.95,269.09,295.67,2026-02-04T00:00:00-05:00,269.09,SL hit,-1.0,loss,XAR_TwoDayBreakout_D1_164,277.95,8.860000000000014
XAR,TwoDayBreakout_D1,2026-02-09T00:00:00-05:00,2026-02-10T00:00:00-05:00,276.37,259.5,310.11,2026-02-17T00:00:00-05:00,274.04,time stop loss,-0.1381,loss,XAR_TwoDayBreakout_D1_168,276.37,16.870000000000005
XAR,TwoDayBreakout_D1,2026-02-17T00:00:00-05:00,2026-02-18T00:00:00-05:00,276.98,266.98,296.98,2026-02-24T00:00:00-05:00,283.295,time stop win,0.6315,win,XAR_TwoDayBreakout_D1_173,276.98,10.0
XAR,TwoDayBreakout_D1,2026-02-18T00:00:00-05:00,2026-02-19T00:00:00-05:00,279.9,269.37,300.96,2026-02-25T00:00:00-05:00,280.31,time stop win,0.0389,win,XAR_TwoDayBreakout_D1_174,279.9,10.529999999999973
XAR,TwoDayBreakout_D1,2026-02-19T00:00:00-05:00,2026-02-20T00:00:00-05:00,283.51,269.37,311.79,2026-02-26T00:00:00-05:00,283.91,time stop win,0.0283,win,XAR_TwoDayBreakout_D1_175,283.51,14.139999999999986
XAR,TwoDayBreakout_D1,2026-02-26T00:00:00-05:00,2026-02-27T00:00:00-05:00,280.03,274.29,291.51,2026-02-27T00:00:00-05:00,281.21,time stop win,0.2056,win,XAR_TwoDayBreakout_D1_180,280.03,5.739999999999952
XBI,TwoDayBreakout_D1,2025-06-24T00:00:00-04:00,2025-06-25T00:00:00-04:00,83.76,80.93,89.42,2025-07-01T00:00:00-04:00,83.08,time stop loss,-0.2403,loss,XBI_TwoDayBreakout_D1_10,83.76,2.8299999999999983
XBI,TwoDayBreakout_D1,2025-07-03T00:00:00-04:00,2025-07-07T00:00:00-04:00,84.85,82.125,90.3,2025-07-11T00:00:00-04:00,87.02,time stop win,0.7963,win,XBI_TwoDayBreakout_D1_17,84.85,2.7249999999999943
XBI,TwoDayBreakout_D1,2025-07-09T00:00:00-04:00,2025-07-10T00:00:00-04:00,87.815,83.025,97.395,2025-07-16T00:00:00-04:00,87.805,time stop loss,-0.0021,loss,XBI_TwoDayBreakout_D1_20,87.815,4.789999999999992
XBI,TwoDayBreakout_D1,2025-07-10T00:00:00-04:00,2025-07-11T00:00:00-04:00,87.615,83.51,95.825,2025-07-17T00:00:00-04:00,88.1,time stop win,0.1181,win,XBI_TwoDayBreakout_D1_21,87.615,4.10499999999999
XBI,TwoDayBreakout_D1,2025-07-23T00:00:00-04:00,2025-07-24T00:00:00-04:00,88.16,85.52,93.44,2025-07-29T00:00:00-04:00,85.52,SL hit,-1.0,loss,XBI_TwoDayBreakout_D1_30,88.16,2.6400000000000006
XBI,TwoDayBreakout_D1,2025-08-12T00:00:00-04:00,2025-08-13T00:00:00-04:00,87.545,84.82,92.995,2025-08-19T00:00:00-04:00,88.805,time stop win,0.4624,win,XBI_TwoDayBreakout_D1_44,87.545,2.7250000000000085
XBI,TwoDayBreakout_D1,2025-08-13T00:00:00-04:00,2025-08-14T00:00:00-04:00,88.635,84.82,96.265,2025-08-20T00:00:00-04:00,89.22,time stop win,0.1533,win,XBI_TwoDayBreakout_D1_45,88.635,3.815000000000012
XBI,TwoDayBreakout_D1,2025-08-15T00:00:00-04:00,2025-08-18T00:00:00-04:00,90.55,87.33,96.99,2025-08-22T00:00:00-04:00,90.92,time stop win,0.1149,win,XBI_TwoDayBreakout_D1_47,90.55,3.219999999999999
XBI,TwoDayBreakout_D1,2025-08-21T00:00:00-04:00,2025-08-22T00:00:00-04:00,90.395,88.245,94.695,2025-08-28T00:00:00-04:00,90.3,time stop loss,-0.0442,loss,XBI_TwoDayBreakout_D1_51,90.395,2.1499999999999915
XBI,TwoDayBreakout_D1,2025-08-22T00:00:00-04:00,2025-08-25T00:00:00-04:00,90.95,88.24,96.37,2025-08-29T00:00:00-04:00,89.86,time stop loss,-0.4022,loss,XBI_TwoDayBreakout_D1_52,90.95,2.710000000000008
XBI,TwoDayBreakout_D1,2025-09-02T00:00:00-04:00,2025-09-03T00:00:00-04:00,92.91,89.33,100.07,2025-09-09T00:00:00-04:00,94.98,time stop win,0.5782,win,XBI_TwoDayBreakout_D1_58,92.91,3.5799999999999983
XBI,TwoDayBreakout_D1,2025-09-03T00:00:00-04:00,2025-09-04T00:00:00-04:00,93.5,89.33,101.84,2025-09-10T00:00:00-04:00,93.89,time stop win,0.0935,win,XBI_TwoDayBreakout_D1_59,93.5,4.170000000000002
XBI,TwoDayBreakout_D1,2025-09-05T00:00:00-04:00,2025-09-08T00:00:00-04:00,94.98,92.49,99.96,2025-09-12T00:00:00-04:00,94.11,time stop loss,-0.3494,loss,XBI_TwoDayBreakout_D1_61,94.98,2.490000000000009
XBI,TwoDayBreakout_D1,2025-09-11T00:00:00-04:00,2025-09-12T00:00:00-04:00,95.465,93.505,99.385,2025-09-15T00:00:00-04:00,93.505,SL hit,-1.0,loss,XBI_TwoDayBreakout_D1_65,95.465,1.960000000000008
XBI,TwoDayBreakout_D1,2025-09-18T00:00:00-04:00,2025-09-19T00:00:00-04:00,97.04,93.265,104.59,2025-09-25T00:00:00-04:00,95.855,time stop loss,-0.3139,loss,XBI_TwoDayBreakout_D1_70,97.04,3.7750000000000057
XBI,TwoDayBreakout_D1,2025-09-22T00:00:00-04:00,2025-09-23T00:00:00-04:00,97.02,94.75,101.56,2025-09-29T00:00:00-04:00,99.4,time stop win,1.0485,win,XBI_TwoDayBreakout_D1_72,97.02,2.269999999999996
XBI,TwoDayBreakout_D1,2025-09-29T00:00:00-04:00,2025-09-30T00:00:00-04:00,99.42,95.745,106.77,2025-10-06T00:00:00-04:00,103.64,time stop win,1.1483,win,XBI_TwoDayBreakout_D1_77,99.42,3.674999999999997
XBI,TwoDayBreakout_D1,2025-09-30T00:00:00-04:00,2025-10-01T00:00:00-04:00,100.295,95.87,109.145,2025-10-07T00:00:00-04:00,103.705,time stop win,0.7706,win,XBI_TwoDayBreakout_D1_78,100.295,4.424999999999997
XBI,TwoDayBreakout_D1,2025-10-01T00:00:00-04:00,2025-10-02T00:00:00-04:00,101.77,98.02,109.27,2025-10-08T00:00:00-04:00,105.46,time stop win,0.984,win,XBI_TwoDayBreakout_D1_79,101.77,3.75
XBI,TwoDayBreakout_D1,2025-10-02T00:00:00-04:00,2025-10-03T00:00:00-04:00,103.045,98.91,111.315,2025-10-09T00:00:00-04:00,106.54,time stop win,0.8452,win,XBI_TwoDayBreakout_D1_80,103.045,4.135000000000005
XBI,TwoDayBreakout_D1,2025-10-03T00:00:00-04:00,2025-10-06T00:00:00-04:00,104.145,100.255,111.925,2025-10-10T00:00:00-04:00,104.96,time stop win,0.2095,win,XBI_TwoDayBreakout_D1_81,104.145,3.8900000000000006
XBI,TwoDayBreakout_D1,2025-10-08T00:00:00-04:00,2025-10-09T00:00:00-04:00,105.82,102.56,112.34,2025-10-15T00:00:00-04:00,108.375,time stop win,0.7837,win,XBI_TwoDayBreakout_D1_84,105.82,3.259999999999991
XBI,TwoDayBreakout_D1,2025-10-09T00:00:00-04:00,2025-10-10T00:00:00-04:00,107.005,102.56,115.895,2025-10-16T00:00:00-04:00,107.91,time stop win,0.2036,win,XBI_TwoDayBreakout_D1_85,107.005,4.444999999999993
XBI,TwoDayBreakout_D1,2025-10-15T00:00:00-04:00,2025-10-16T00:00:00-04:00,109.76,103.44,122.4,2025-10-22T00:00:00-04:00,107.26,time stop loss,-0.3956,loss,XBI_TwoDayBreakout_D1_89,109.76,6.320000000000007
XBI,TwoDayBreakout_D1,2025-10-27T00:00:00-04:00,2025-10-28T00:00:00-04:00,111.41,106.5,121.23,2025-11-03T00:00:00-05:00,109.85,time stop loss,-0.3177,loss,XBI_TwoDayBreakout_D1_97,111.41,4.909999999999997
XBI,TwoDayBreakout_D1,2025-10-28T00:00:00-04:00,2025-10-29T00:00:00-04:00,111.85,108.08,119.39,2025-11-03T00:00:00-05:00,108.08,SL hit,-1.0,loss,XBI_TwoDayBreakout_D1_98,111.85,3.769999999999996
XBI,TwoDayBreakout_D1,2025-11-10T00:00:00-05:00,2025-11-11T00:00:00-05:00,109.83,106.31,116.87,2025-11-17T00:00:00-05:00,114.81,time stop win,1.4148,win,XBI_TwoDayBreakout_D1_107,109.83,3.519999999999996
XBI,TwoDayBreakout_D1,2025-11-11T00:00:00-05:00,2025-11-12T00:00:00-05:00,113.655,106.31,128.345,2025-11-18T00:00:00-05:00,115.18,time stop win,0.2076,win,XBI_TwoDayBreakout_D1_108,113.655,7.344999999999999
XBI,TwoDayBreakout_D1,2025-11-24T00:00:00-05:00,2025-11-25T00:00:00-05:00,119.84,113.63,132.26,2025-12-02T00:00:00-05:00,118.455,time stop loss,-0.223,loss,XBI_TwoDayBreakout_D1_117,119.84,6.210000000000008
XBI,TwoDayBreakout_D1,2025-11-25T00:00:00-05:00,2025-11-26T00:00:00-05:00,121.475,113.63,137.165,2025-12-03T00:00:00-05:00,121.83,time stop win,0.0453,win,XBI_TwoDayBreakout_D1_118,121.475,7.844999999999999
XBI,TwoDayBreakout_D1,2025-11-26T00:00:00-05:00,2025-11-28T00:00:00-05:00,123.105,117.13,135.055,2025-12-04T00:00:00-05:00,123.285,time stop win,0.0301,win,XBI_TwoDayBreakout_D1_119,123.105,5.9750000000000085
XBI,TwoDayBreakout_D1,2025-12-04T00:00:00-05:00,2025-12-05T00:00:00-05:00,123.74,117.73,135.76,2025-12-11T00:00:00-05:00,123.03,time stop loss,-0.1181,loss,XBI_TwoDayBreakout_D1_124,123.74,6.009999999999991
XBI,TwoDayBreakout_D1,2025-12-19T00:00:00-05:00,2025-12-22T00:00:00-05:00,123.33,119.6,130.79,2025-12-29T00:00:00-05:00,123.44,time stop win,0.0295,win,XBI_TwoDayBreakout_D1_135,123.33,3.730000000000004
XBI,TwoDayBreakout_D1,2025-12-22T00:00:00-05:00,2025-12-23T00:00:00-05:00,125.405,119.6,137.015,2025-12-30T00:00:00-05:00,121.67,time stop loss,-0.6434,loss,XBI_TwoDayBreakout_D1_136,125.405,5.805000000000007
XBI,TwoDayBreakout_D1,2026-01-07T00:00:00-05:00,2026-01-08T00:00:00-05:00,124.89,118.315,138.04,2026-01-14T00:00:00-05:00,126.85,time stop win,0.2981,win,XBI_TwoDayBreakout_D1_146,124.89,6.575000000000003
XBI,TwoDayBreakout_D1,2026-01-14T00:00:00-05:00,2026-01-15T00:00:00-05:00,126.785,121.6,137.155,2026-01-20T00:00:00-05:00,121.6,SL hit,-1.0,loss,XBI_TwoDayBreakout_D1_151,126.785,5.185000000000002
XBI,TwoDayBreakout_D1,2026-01-21T00:00:00-05:00,2026-01-22T00:00:00-05:00,128.68,121.28,143.48,2026-01-28T00:00:00-05:00,125.94,time stop loss,-0.3703,loss,XBI_TwoDayBreakout_D1_155,128.68,7.400000000000006
XBI,TwoDayBreakout_D1,2026-01-22T00:00:00-05:00,2026-01-23T00:00:00-05:00,130.885,121.28,150.095,2026-01-29T00:00:00-05:00,126.74,time stop loss,-0.4315,loss,XBI_TwoDayBreakout_D1_156,130.885,9.60499999999999
XBI,TwoDayBreakout_D1,2026-02-02T00:00:00-05:00,2026-02-03T00:00:00-05:00,127.27,123.825,134.16,2026-02-04T00:00:00-05:00,123.825,SL hit,-1.0,loss,XBI_TwoDayBreakout_D1_163,127.27,3.444999999999993
XBI,TwoDayBreakout_D1,2026-02-03T00:00:00-05:00,2026-02-04T00:00:00-05:00,128.04,123.825,136.47,2026-02-04T00:00:00-05:00,123.825,SL hit,-1.0,loss,XBI_TwoDayBreakout_D1_164,128.04,4.214999999999989
XBI,TwoDayBreakout_D1,2026-02-19T00:00:00-05:00,2026-02-20T00:00:00-05:00,125.13,122.145,131.1,2026-02-25T00:00:00-05:00,131.1,TP hit,2.0,win,XBI_TwoDayBreakout_D1_175,125.13,2.9849999999999994
XBI,TwoDayBreakout_D1,2026-02-23T00:00:00-05:00,2026-02-24T00:00:00-05:00,127.21,122.95,135.73,2026-02-27T00:00:00-05:00,127.36,time stop win,0.0352,win,XBI_TwoDayBreakout_D1_177,127.21,4.259999999999991
XBI,TwoDayBreakout_D1,2026-02-24T00:00:00-05:00,2026-02-25T00:00:00-05:00,129.57,122.95,142.81,2026-02-27T00:00:00-05:00,127.36,time stop loss,-0.3338,loss,XBI_TwoDayBreakout_D1_178,129.57,6.61999999999999
XLI,MeanReversion_D1,2025-06-10T00:00:00-04:00,2025-06-11T00:00:00-04:00,144.255,143.415,145.935,2025-06-11T00:00:00-04:00,143.415,SL hit,-1.0,loss,XLI_MeanReversion_D1_1,144.255,0.8400000000000034
XLI,MeanReversion_D1,2025-06-13T00:00:00-04:00,2025-06-16T00:00:00-04:00,143.545,142.23,146.175,2025-06-18T00:00:00-04:00,142.23,SL hit,-1.0,loss,XLI_MeanReversion_D1_4,143.545,1.3149999999999977
XLI,MeanReversion_D1,2025-06-17T00:00:00-04:00,2025-06-18T00:00:00-04:00,142.605,142.36,143.095,2025-06-18T00:00:00-04:00,142.36,SL hit,-1.0,loss,XLI_MeanReversion_D1_6,142.605,0.24499999999997613
XLI,MeanReversion_D1,2025-06-18T00:00:00-04:00,2025-06-20T00:00:00-04:00,143.08,142.12,145.0,2025-06-20T00:00:00-04:00,142.12,SL hit,-1.0,loss,XLI_MeanReversion_D1_7,143.08,0.960000000000008
XLI,MeanReversion_D1,2025-06-25T00:00:00-04:00,2025-06-26T00:00:00-04:00,144.415,143.475,146.295,2025-06-27T00:00:00-04:00,146.295,TP hit,2.0,win,XLI_MeanReversion_D1_11,144.415,0.9399999999999977
XLI,MeanReversion_D1,2025-07-15T00:00:00-04:00,2025-07-16T00:00:00-04:00,150.25,149.87,151.01,2025-07-16T00:00:00-04:00,149.87,SL hit,-1.0,loss,XLI_MeanReversion_D1_24,150.25,0.37999999999999545
XLI,MeanReversion_D1,2025-07-29T00:00:00-04:00,2025-07-30T00:00:00-04:00,152.45,152.26,152.83,2025-07-30T00:00:00-04:00,152.26,SL hit,-1.0,loss,XLI_MeanReversion_D1_34,152.45,0.18999999999999773
XLI,MeanReversion_D1,2025-07-30T00:00:00-04:00,2025-07-31T00:00:00-04:00,151.68,151.305,152.43,2025-07-31T00:00:00-04:00,152.43,TP hit,2.0,win,XLI_MeanReversion_D1_35,151.68,0.375
XLI,MeanReversion_D1,2025-08-01T00:00:00-04:00,2025-08-04T00:00:00-04:00,150.17,148.17,154.17,2025-08-08T00:00:00-04:00,150.74,time stop win,0.285,win,XLI_MeanReversion_D1_37,150.17,2.0
XLI,MeanReversion_D1,2025-08-11T00:00:00-04:00,2025-08-12T00:00:00-04:00,150.86,149.98,152.62,2025-08-18T00:00:00-04:00,151.06,time stop win,0.2273,win,XLI_MeanReversion_D1_43,150.86,0.8800000000000239
XLI,MeanReversion_D1,2025-08-15T00:00:00-04:00,2025-08-18T00:00:00-04:00,150.38,150.34,150.46,2025-08-18T00:00:00-04:00,150.34,SL hit,-1.0,loss,XLI_MeanReversion_D1_47,150.38,0.03999999999999204
XLI,MeanReversion_D1,2025-09-02T00:00:00-04:00,2025-09-03T00:00:00-04:00,150.37,149.64,151.83,2025-09-03T00:00:00-04:00,149.64,SL hit,-1.0,loss,XLI_MeanReversion_D1_58,150.37,0.7300000000000182
XLI,MeanReversion_D1,2025-09-17T00:00:00-04:00,2025-09-18T00:00:00-04:00,151.47,150.2,154.01,2025-09-23T00:00:00-04:00,154.01,TP hit,2.0,win,XLI_MeanReversion_D1_69,151.47,1.2700000000000102
XLI,MeanReversion_D1,2025-09-25T00:00:00-04:00,2025-09-26T00:00:00-04:00,152.16,150.62,155.24,2025-10-02T00:00:00-04:00,154.18,time stop win,1.3117,win,XLI_MeanReversion_D1_75,152.16,1.539999999999992
XLI,MeanReversion_D1,2025-10-09T00:00:00-04:00,2025-10-10T00:00:00-04:00,153.69,153.085,154.9,2025-10-10T00:00:00-04:00,153.085,SL hit,-1.0,loss,XLI_MeanReversion_D1_85,153.69,0.6049999999999898
XLI,MeanReversion_D1,2025-10-10T00:00:00-04:00,2025-10-13T00:00:00-04:00,151.0,149.9,153.2,2025-10-14T00:00:00-04:00,153.2,TP hit,2.0,win,XLI_MeanReversion_D1_86,151.0,1.0999999999999943
XLI,MeanReversion_D1,2025-10-22T00:00:00-04:00,2025-10-23T00:00:00-04:00,153.46,152.45,155.48,2025-10-24T00:00:00-04:00,155.48,TP hit,2.0,win,XLI_MeanReversion_D1_94,153.46,1.0100000000000193
XLI,MeanReversion_D1,2025-10-28T00:00:00-04:00,2025-10-29T00:00:00-04:00,154.885,154.66,155.335,2025-10-29T00:00:00-04:00,154.66,SL hit,-1.0,loss,XLI_MeanReversion_D1_98,154.885,0.22499999999999432
XLI,MeanReversion_D1,2025-11-04T00:00:00-05:00,2025-11-05T00:00:00-05:00,152.09,151.81,152.65,2025-11-05T00:00:00-05:00,152.65,TP hit,2.0,win,XLI_MeanReversion_D1_103,152.09,0.28000000000000114
XLI,MeanReversion_D1,2025-11-18T00:00:00-05:00,2025-11-19T00:00:00-05:00,150.025,149.1,151.875,2025-11-20T00:00:00-05:00,149.1,SL hit,-1.0,loss,XLI_MeanReversion_D1_113,150.025,0.9250000000000114
XLI,MeanReversion_D1,2025-11-20T00:00:00-05:00,2025-11-21T00:00:00-05:00,148.365,147.72,149.655,2025-11-21T00:00:00-05:00,147.72,SL hit,-1.0,loss,XLI_MeanReversion_D1_115,148.365,0.6450000000000102
XLI,MeanReversion_D1,2025-12-01T00:00:00-05:00,2025-12-02T00:00:00-05:00,152.3,151.37,154.16,2025-12-03T00:00:00-05:00,154.16,TP hit,2.0,win,XLI_MeanReversion_D1_121,152.3,0.9300000000000068
XLI,MeanReversion_D1,2025-12-09T00:00:00-05:00,2025-12-10T00:00:00-05:00,153.97,153.195,155.52,2025-12-10T00:00:00-05:00,155.52,TP hit,2.0,win,XLI_MeanReversion_D1_127,153.97,0.7750000000000057
XLI,MeanReversion_D1,2025-12-16T00:00:00-05:00,2025-12-17T00:00:00-05:00,155.7,155.41,156.28,2025-12-17T00:00:00-05:00,155.41,SL hit,-1.0,loss,XLI_MeanReversion_D1_132,155.7,0.28999999999999204
XLI,MeanReversion_D1,2025-12-17T00:00:00-05:00,2025-12-18T00:00:00-05:00,154.95,153.37,158.11,2025-12-24T00:00:00-05:00,157.48,time stop win,1.6013,win,XLI_MeanReversion_D1_133,154.95,1.579999999999984
XLI,MeanReversion_D1,2025-12-30T00:00:00-05:00,2025-12-31T00:00:00-05:00,156.515,156.39,156.765,2025-12-31T00:00:00-05:00,156.39,SL hit,-1.0,loss,XLI_MeanReversion_D1_141,156.515,0.125
XLI,MeanReversion_D1,2025-12-31T00:00:00-05:00,2026-01-02T00:00:00-05:00,155.59,155.06,156.65,2026-01-02T00:00:00-05:00,155.06,SL hit,-1.0,loss,XLI_MeanReversion_D1_142,155.59,0.5300000000000011
XLI,MeanReversion_D1,2026-01-07T00:00:00-05:00,2026-01-08T00:00:00-05:00,159.895,158.875,161.935,2026-01-09T00:00:00-05:00,161.935,TP hit,2.0,win,XLI_MeanReversion_D1_146,159.895,1.0200000000000102
XLI,MeanReversion_D1,2026-01-20T00:00:00-05:00,2026-01-21T00:00:00-05:00,164.66,163.19,167.6,2026-01-27T00:00:00-05:00,165.06,time stop win,0.2721,win,XLI_MeanReversion_D1_154,164.66,1.4699999999999989
XLI,MeanReversion_D1,2026-01-23T00:00:00-05:00,2026-01-26T00:00:00-05:00,164.19,163.72,165.13,2026-01-27T00:00:00-05:00,163.72,SL hit,-1.0,loss,XLI_MeanReversion_D1_157,164.19,0.46999999999999886
XLI,MeanReversion_D1,2026-02-12T00:00:00-05:00,2026-02-13T00:00:00-05:00,173.275,172.46,174.905,2026-02-13T00:00:00-05:00,174.905,TP hit,2.0,win,XLI_MeanReversion_D1_171,173.275,0.8149999999999977
XLI,MeanReversion_D1,2026-02-23T00:00:00-05:00,2026-02-24T00:00:00-05:00,174.57,174.395,174.92,2026-02-24T00:00:00-05:00,174.92,TP hit,2.0,win,XLI_MeanReversion_D1_177,174.57,0.17499999999998295
XLI,TwoDayBreakout_D1,2025-06-23T00:00:00-04:00,2025-06-24T00:00:00-04:00,144.605,141.9,150.015,2025-06-30T00:00:00-04:00,147.52,time stop win,1.0776,win,XLI_TwoDayBreakout_D1_9,144.605,2.704999999999984
XLI,TwoDayBreakout_D1,2025-06-24T00:00:00-04:00,2025-06-25T00:00:00-04:00,145.21,141.28,153.07,2025-07-01T00:00:00-04:00,148.02,time stop win,0.715,win,XLI_TwoDayBreakout_D1_10,145.21,3.930000000000007
XLI,TwoDayBreakout_D1,2025-06-26T00:00:00-04:00,2025-06-27T00:00:00-04:00,145.73,143.475,150.24,2025-07-03T00:00:00-04:00,149.34,time stop win,1.6009,win,XLI_TwoDayBreakout_D1_12,145.73,2.2549999999999955
XLI,TwoDayBreakout_D1,2025-06-27T00:00:00-04:00,2025-06-30T00:00:00-04:00,146.905,143.475,153.765,2025-07-07T00:00:00-04:00,148.88,time stop win,0.5758,win,XLI_TwoDayBreakout_D1_13,146.905,3.430000000000007
XLI,TwoDayBreakout_D1,2025-06-30T00:00:00-04:00,2025-07-01T00:00:00-04:00,146.99,144.125,152.72,2025-07-08T00:00:00-04:00,148.915,time stop win,0.6719,win,XLI_TwoDayBreakout_D1_14,146.99,2.865000000000009
XLI,TwoDayBreakout_D1,2025-07-01T00:00:00-04:00,2025-07-02T00:00:00-04:00,147.875,145.435,152.755,2025-07-09T00:00:00-04:00,149.905,time stop win,0.832,win,XLI_TwoDayBreakout_D1_15,147.875,2.4399999999999977
XLI,TwoDayBreakout_D1,2025-07-03T00:00:00-04:00,2025-07-07T00:00:00-04:00,149.395,146.94,154.305,2025-07-11T00:00:00-04:00,150.19,time stop win,0.3238,win,XLI_TwoDayBreakout_D1_17,149.395,2.4550000000000125
XLI,TwoDayBreakout_D1,2025-07-09T00:00:00-04:00,2025-07-10T00:00:00-04:00,150.135,147.89,154.625,2025-07-16T00:00:00-04:00,150.415,time stop win,0.1247,win,XLI_TwoDayBreakout_D1_20,150.135,2.2450000000000045
XLI,TwoDayBreakout_D1,2025-07-10T00:00:00-04:00,2025-07-11T00:00:00-04:00,150.025,148.15,153.775,2025-07-17T00:00:00-04:00,151.78,time stop win,0.936,win,XLI_TwoDayBreakout_D1_21,150.025,1.875
XLI,TwoDayBreakout_D1,2025-07-17T00:00:00-04:00,2025-07-18T00:00:00-04:00,152.4,148.41,160.38,2025-07-24T00:00:00-04:00,153.46,time stop win,0.2657,win,XLI_TwoDayBreakout_D1_26,152.4,3.990000000000009
XLI,TwoDayBreakout_D1,2025-07-23T00:00:00-04:00,2025-07-24T00:00:00-04:00,153.545,149.72,161.195,2025-07-30T00:00:00-04:00,151.98,time stop loss,-0.4092,loss,XLI_TwoDayBreakout_D1_30,153.545,3.8249999999999886
XLI,TwoDayBreakout_D1,2025-07-25T00:00:00-04:00,2025-07-28T00:00:00-04:00,154.92,152.105,160.55,2025-07-30T00:00:00-04:00,152.105,SL hit,-1.0,loss,XLI_TwoDayBreakout_D1_32,154.92,2.8149999999999977
XLI,TwoDayBreakout_D1,2025-08-12T00:00:00-04:00,2025-08-13T00:00:00-04:00,152.195,149.98,156.625,2025-08-19T00:00:00-04:00,151.35,time stop loss,-0.3815,loss,XLI_TwoDayBreakout_D1_44,152.195,2.2150000000000034
XLI,TwoDayBreakout_D1,2025-08-13T00:00:00-04:00,2025-08-14T00:00:00-04:00,151.525,149.98,154.615,2025-08-20T00:00:00-04:00,151.2,time stop loss,-0.2104,loss,XLI_TwoDayBreakout_D1_45,151.525,1.545000000000016
XLI,TwoDayBreakout_D1,2025-08-19T00:00:00-04:00,2025-08-20T00:00:00-04:00,151.16,150.3,152.88,2025-08-20T00:00:00-04:00,150.3,SL hit,-1.0,loss,XLI_TwoDayBreakout_D1_49,151.16,0.8599999999999852
XLI,TwoDayBreakout_D1,2025-08-22T00:00:00-04:00,2025-08-25T00:00:00-04:00,153.07,150.275,158.66,2025-08-29T00:00:00-04:00,152.02,time stop loss,-0.3757,loss,XLI_TwoDayBreakout_D1_52,153.07,2.7949999999999875
XLI,TwoDayBreakout_D1,2025-08-28T00:00:00-04:00,2025-08-29T00:00:00-04:00,153.19,151.68,156.21,2025-08-29T00:00:00-04:00,151.68,SL hit,-1.0,loss,XLI_TwoDayBreakout_D1_56,153.19,1.509999999999991
XLI,TwoDayBreakout_D1,2025-09-04T00:00:00-04:00,2025-09-05T00:00:00-04:00,151.69,149.11,156.85,2025-09-11T00:00:00-04:00,152.76,time stop win,0.4147,win,XLI_TwoDayBreakout_D1_60,151.69,2.579999999999984
XLI,TwoDayBreakout_D1,2025-09-11T00:00:00-04:00,2025-09-12T00:00:00-04:00,152.43,149.335,158.62,2025-09-18T00:00:00-04:00,152.74,time stop win,0.1002,win,XLI_TwoDayBreakout_D1_65,152.43,3.094999999999999
XLI,TwoDayBreakout_D1,2025-09-18T00:00:00-04:00,2025-09-19T00:00:00-04:00,153.215,150.2,159.245,2025-09-25T00:00:00-04:00,151.235,time stop loss,-0.6567,loss,XLI_TwoDayBreakout_D1_70,153.215,3.015000000000015
XLI,TwoDayBreakout_D1,2025-09-30T00:00:00-04:00,2025-10-01T00:00:00-04:00,153.465,152.06,156.275,2025-10-07T00:00:00-04:00,154.27,time stop win,0.573,win,XLI_TwoDayBreakout_D1_78,153.465,1.4050000000000011
XLI,TwoDayBreakout_D1,2025-10-20T00:00:00-04:00,2025-10-21T00:00:00-04:00,153.845,150.87,159.795,2025-10-27T00:00:00-04:00,155.785,time stop win,0.6521,win,XLI_TwoDayBreakout_D1_92,153.845,2.9749999999999943
XLI,TwoDayBreakout_D1,2025-10-21T00:00:00-04:00,2025-10-22T00:00:00-04:00,155.36,151.005,164.07,2025-10-28T00:00:00-04:00,154.69,time stop loss,-0.1538,loss,XLI_TwoDayBreakout_D1_93,155.36,4.355000000000018
XLI,TwoDayBreakout_D1,2025-11-10T00:00:00-05:00,2025-11-11T00:00:00-05:00,154.205,151.15,160.315,2025-11-14T00:00:00-05:00,151.15,SL hit,-1.0,loss,XLI_TwoDayBreakout_D1_107,154.205,3.055000000000007
XLI,TwoDayBreakout_D1,2025-11-25T00:00:00-05:00,2025-11-26T00:00:00-05:00,151.97,147.135,161.64,2025-12-03T00:00:00-05:00,154.2,time stop win,0.4612,win,XLI_TwoDayBreakout_D1_118,151.97,4.835000000000008
XLI,TwoDayBreakout_D1,2025-11-26T00:00:00-05:00,2025-11-28T00:00:00-05:00,153.12,148.94,161.48,2025-12-04T00:00:00-05:00,154.99,time stop win,0.4474,win,XLI_TwoDayBreakout_D1_119,153.12,4.180000000000007
XLI,TwoDayBreakout_D1,2025-11-28T00:00:00-05:00,2025-12-01T00:00:00-05:00,152.505,149.32,158.875,2025-12-05T00:00:00-05:00,154.55,time stop win,0.6421,win,XLI_TwoDayBreakout_D1_120,152.505,3.1850000000000023
XLI,TwoDayBreakout_D1,2025-12-03T00:00:00-05:00,2025-12-04T00:00:00-05:00,154.25,151.37,160.01,2025-12-10T00:00:00-05:00,156.06,time stop win,0.6285,win,XLI_TwoDayBreakout_D1_123,154.25,2.8799999999999955
XLI,TwoDayBreakout_D1,2025-12-04T00:00:00-05:00,2025-12-05T00:00:00-05:00,154.905,151.715,161.285,2025-12-11T00:00:00-05:00,157.74,time stop win,0.8887,win,XLI_TwoDayBreakout_D1_124,154.905,3.1899999999999977
XLI,TwoDayBreakout_D1,2025-12-10T00:00:00-05:00,2025-12-11T00:00:00-05:00,155.96,153.195,161.49,2025-12-17T00:00:00-05:00,153.54,time stop loss,-0.8752,loss,XLI_TwoDayBreakout_D1_128,155.96,2.765000000000015
XLI,TwoDayBreakout_D1,2025-12-11T00:00:00-05:00,2025-12-12T00:00:00-05:00,158.255,153.195,168.375,2025-12-18T00:00:00-05:00,154.49,time stop loss,-0.7441,loss,XLI_TwoDayBreakout_D1_129,158.255,5.060000000000002
XLI,TwoDayBreakout_D1,2025-12-22T00:00:00-05:00,2025-12-23T00:00:00-05:00,156.99,154.06,162.85,2025-12-30T00:00:00-05:00,156.44,time stop loss,-0.1877,loss,XLI_TwoDayBreakout_D1_136,156.99,2.930000000000007
XLI,TwoDayBreakout_D1,2025-12-24T00:00:00-05:00,2025-12-26T00:00:00-05:00,157.39,155.72,160.73,2025-12-31T00:00:00-05:00,155.72,SL hit,-1.0,loss,XLI_TwoDayBreakout_D1_138,157.39,1.6699999999999875
XLI,TwoDayBreakout_D1,2026-01-02T00:00:00-05:00,2026-01-05T00:00:00-05:00,158.365,155.06,164.975,2026-01-09T00:00:00-05:00,161.94,time stop win,1.0817,win,XLI_TwoDayBreakout_D1_143,158.365,3.305000000000007
XLI,TwoDayBreakout_D1,2026-01-05T00:00:00-05:00,2026-01-06T00:00:00-05:00,159.495,154.98,168.525,2026-01-12T00:00:00-05:00,163.17,time stop win,0.814,win,XLI_TwoDayBreakout_D1_144,159.495,4.515000000000015
XLI,TwoDayBreakout_D1,2026-01-06T00:00:00-05:00,2026-01-07T00:00:00-05:00,162.485,154.98,177.495,2026-01-13T00:00:00-05:00,163.99,time stop win,0.2005,win,XLI_TwoDayBreakout_D1_145,162.485,7.505000000000024
XLI,TwoDayBreakout_D1,2026-01-12T00:00:00-05:00,2026-01-13T00:00:00-05:00,163.81,159.78,171.87,2026-01-20T00:00:00-05:00,163.58,time stop loss,-0.0571,loss,XLI_TwoDayBreakout_D1_149,163.81,4.030000000000001
XLI,TwoDayBreakout_D1,2026-01-13T00:00:00-05:00,2026-01-14T00:00:00-05:00,163.755,160.89,169.485,2026-01-21T00:00:00-05:00,166.355,time stop win,0.9075,win,XLI_TwoDayBreakout_D1_150,163.755,2.865000000000009
XLI,TwoDayBreakout_D1,2026-01-15T00:00:00-05:00,2026-01-16T00:00:00-05:00,166.3,162.805,173.29,2026-01-23T00:00:00-05:00,164.2,time stop loss,-0.6009,loss,XLI_TwoDayBreakout_D1_152,166.3,3.4950000000000045
XLI,TwoDayBreakout_D1,2026-01-16T00:00:00-05:00,2026-01-20T00:00:00-05:00,164.815,162.805,168.835,2026-01-26T00:00:00-05:00,164.365,time stop loss,-0.2239,loss,XLI_TwoDayBreakout_D1_153,164.815,2.009999999999991
XLI,TwoDayBreakout_D1,2026-01-29T00:00:00-05:00,2026-01-30T00:00:00-05:00,164.885,163.52,167.615,2026-02-02T00:00:00-05:00,167.615,TP hit,2.0,win,XLI_TwoDayBreakout_D1_161,164.885,1.3649999999999807
XLI,TwoDayBreakout_D1,2026-02-02T00:00:00-05:00,2026-02-03T00:00:00-05:00,167.595,163.745,175.295,2026-02-09T00:00:00-05:00,173.71,time stop win,1.5883,win,XLI_TwoDayBreakout_D1_163,167.595,3.8499999999999943
XLI,TwoDayBreakout_D1,2026-02-03T00:00:00-05:00,2026-02-04T00:00:00-05:00,169.77,163.745,181.82,2026-02-10T00:00:00-05:00,173.95,time stop win,0.6938,win,XLI_TwoDayBreakout_D1_164,169.77,6.025000000000006
XLI,TwoDayBreakout_D1,2026-02-06T00:00:00-05:00,2026-02-09T00:00:00-05:00,172.83,167.46,183.57,2026-02-13T00:00:00-05:00,174.18,time stop win,0.2514,win,XLI_TwoDayBreakout_D1_167,172.83,5.3700000000000045
XLI,TwoDayBreakout_D1,2026-02-09T00:00:00-05:00,2026-02-10T00:00:00-05:00,173.85,167.46,186.63,2026-02-17T00:00:00-05:00,175.1,time stop win,0.1956,win,XLI_TwoDayBreakout_D1_168,173.85,6.389999999999986
XLI,TwoDayBreakout_D1,2026-02-11T00:00:00-05:00,2026-02-12T00:00:00-05:00,175.66,172.645,181.69,2026-02-12T00:00:00-05:00,172.645,SL hit,-1.0,loss,XLI_TwoDayBreakout_D1_170,175.66,3.0149999999999864
XLI,TwoDayBreakout_D1,2026-02-19T00:00:00-05:00,2026-02-20T00:00:00-05:00,176.255,173.4,181.965,2026-02-26T00:00:00-05:00,176.68,time stop win,0.1489,win,XLI_TwoDayBreakout_D1_175,176.255,2.8549999999999898
XLI,TwoDayBreakout_D1,2026-02-20T00:00:00-05:00,2026-02-23T00:00:00-05:00,176.475,174.38,180.665,2026-02-26T00:00:00-05:00,174.38,SL hit,-1.0,loss,XLI_TwoDayBreakout_D1_176,176.475,2.094999999999999
XLP,TwoDayBreakout_D1,2025-06-12T00:00:00-04:00,2025-06-13T00:00:00-04:00,81.755,81.205,82.855,2025-06-13T00:00:00-04:00,81.205,SL hit,-1.0,loss,XLP_TwoDayBreakout_D1_3,81.755,0.5499999999999972
XLP,TwoDayBreakout_D1,2025-06-23T00:00:00-04:00,2025-06-24T00:00:00-04:00,81.37,80.385,83.34,2025-06-25T00:00:00-04:00,80.385,SL hit,-1.0,loss,XLP_TwoDayBreakout_D1_9,81.37,0.9849999999999994
XLP,TwoDayBreakout_D1,2025-06-30T00:00:00-04:00,2025-07-01T00:00:00-04:00,81.11,79.98,83.37,2025-07-08T00:00:00-04:00,81.34,time stop win,0.2035,win,XLP_TwoDayBreakout_D1_14,81.11,1.1299999999999955
XLP,TwoDayBreakout_D1,2025-07-01T00:00:00-04:00,2025-07-02T00:00:00-04:00,81.93,80.17,85.45,2025-07-09T00:00:00-04:00,80.81,time stop loss,-0.6364,loss,XLP_TwoDayBreakout_D1_15,81.93,1.7600000000000051
XLP,TwoDayBreakout_D1,2025-07-17T00:00:00-04:00,2025-07-18T00:00:00-04:00,81.135,79.69,84.025,2025-07-24T00:00:00-04:00,81.35,time stop win,0.1488,win,XLP_TwoDayBreakout_D1_26,81.135,1.4450000000000074
XLP,TwoDayBreakout_D1,2025-07-22T00:00:00-04:00,2025-07-23T00:00:00-04:00,81.59,80.8,83.17,2025-07-28T00:00:00-04:00,80.8,SL hit,-1.0,loss,XLP_TwoDayBreakout_D1_29,81.59,0.7900000000000063
XLP,TwoDayBreakout_D1,2025-08-06T00:00:00-04:00,2025-08-07T00:00:00-04:00,81.8,80.145,85.11,2025-08-13T00:00:00-04:00,82.61,time stop win,0.4894,win,XLP_TwoDayBreakout_D1_40,81.8,1.6550000000000011
XLP,TwoDayBreakout_D1,2025-08-07T00:00:00-04:00,2025-08-08T00:00:00-04:00,82.32,80.355,86.25,2025-08-14T00:00:00-04:00,81.905,time stop loss,-0.2112,loss,XLP_TwoDayBreakout_D1_41,82.32,1.9649999999999892
XLP,TwoDayBreakout_D1,2025-08-08T00:00:00-04:00,2025-08-11T00:00:00-04:00,82.6,80.51,86.78,2025-08-15T00:00:00-04:00,82.01,time stop loss,-0.2823,loss,XLP_TwoDayBreakout_D1_42,82.6,2.089999999999989
XLP,TwoDayBreakout_D1,2025-08-19T00:00:00-04:00,2025-08-20T00:00:00-04:00,82.71,81.65,84.83,2025-08-25T00:00:00-04:00,81.65,SL hit,-1.0,loss,XLP_TwoDayBreakout_D1_49,82.71,1.059999999999988
XLP,TwoDayBreakout_D1,2025-08-20T00:00:00-04:00,2025-08-21T00:00:00-04:00,82.58,81.865,84.01,2025-08-25T00:00:00-04:00,81.865,SL hit,-1.0,loss,XLP_TwoDayBreakout_D1_50,82.58,0.7150000000000034
XLP,TwoDayBreakout_D1,2025-09-30T00:00:00-04:00,2025-10-01T00:00:00-04:00,78.33,77.51,79.97,2025-10-06T00:00:00-04:00,77.51,SL hit,-1.0,loss,XLP_TwoDayBreakout_D1_78,78.33,0.8199999999999932
XLP,TwoDayBreakout_D1,2025-10-14T00:00:00-04:00,2025-10-15T00:00:00-04:00,79.045,77.44,82.255,2025-10-21T00:00:00-04:00,79.29,time stop win,0.1526,win,XLP_TwoDayBreakout_D1_88,79.045,1.605000000000004
XLP,TwoDayBreakout_D1,2025-10-15T00:00:00-04:00,2025-10-16T00:00:00-04:00,79.445,77.44,83.455,2025-10-22T00:00:00-04:00,79.75,time stop win,0.1521,win,XLP_TwoDayBreakout_D1_89,79.445,2.0049999999999955
XLP,TwoDayBreakout_D1,2025-11-07T00:00:00-05:00,2025-11-10T00:00:00-05:00,76.525,75.16,79.255,2025-11-14T00:00:00-05:00,77.26,time stop win,0.5385,win,XLP_TwoDayBreakout_D1_106,76.525,1.365000000000009
XLP,TwoDayBreakout_D1,2025-11-11T00:00:00-05:00,2025-11-12T00:00:00-05:00,77.425,75.92,80.435,2025-11-18T00:00:00-05:00,77.105,time stop loss,-0.2126,loss,XLP_TwoDayBreakout_D1_108,77.425,1.5049999999999955
XLP,TwoDayBreakout_D1,2025-11-21T00:00:00-05:00,2025-11-24T00:00:00-05:00,77.8,76.23,80.94,2025-12-01T00:00:00-05:00,79.225,time stop win,0.9076,win,XLP_TwoDayBreakout_D1_116,77.8,1.5699999999999932
XLP,TwoDayBreakout_D1,2025-11-26T00:00:00-05:00,2025-11-28T00:00:00-05:00,78.85,76.895,82.76,2025-12-04T00:00:00-05:00,78.455,time stop loss,-0.202,loss,XLP_TwoDayBreakout_D1_119,78.85,1.9549999999999983
XLP,TwoDayBreakout_D1,2025-11-28T00:00:00-05:00,2025-12-01T00:00:00-05:00,79.215,77.21,83.225,2025-12-05T00:00:00-05:00,78.455,time stop loss,-0.3791,loss,XLP_TwoDayBreakout_D1_120,79.215,2.0050000000000097
XLP,TwoDayBreakout_D1,2025-12-11T00:00:00-05:00,2025-12-12T00:00:00-05:00,78.955,77.655,81.555,2025-12-18T00:00:00-05:00,79.18,time stop win,0.1731,win,XLP_TwoDayBreakout_D1_129,78.955,1.2999999999999972
XLP,TwoDayBreakout_D1,2025-12-12T00:00:00-05:00,2025-12-15T00:00:00-05:00,79.7,77.925,83.25,2025-12-19T00:00:00-05:00,78.76,time stop loss,-0.5296,loss,XLP_TwoDayBreakout_D1_130,79.7,1.7750000000000057
XLP,TwoDayBreakout_D1,2025-12-15T00:00:00-05:00,2025-12-16T00:00:00-05:00,79.875,78.4,82.825,2025-12-22T00:00:00-05:00,78.4,SL hit,-1.0,loss,XLP_TwoDayBreakout_D1_131,79.875,1.4749999999999943
XLP,TwoDayBreakout_D1,2025-12-26T00:00:00-05:00,2025-12-29T00:00:00-05:00,78.24,77.39,79.94,2026-01-02T00:00:00-05:00,77.39,SL hit,-1.0,loss,XLP_TwoDayBreakout_D1_139,78.24,0.8499999999999943
XLP,TwoDayBreakout_D1,2026-01-08T00:00:00-05:00,2026-01-09T00:00:00-05:00,78.645,76.61,82.715,2026-01-15T00:00:00-05:00,82.36,time stop win,1.8256,win,XLP_TwoDayBreakout_D1_147,78.645,2.0349999999999966
XLP,TwoDayBreakout_D1,2026-01-09T00:00:00-05:00,2026-01-12T00:00:00-05:00,79.58,76.55,85.64,2026-01-16T00:00:00-05:00,82.14,time stop win,0.8449,win,XLP_TwoDayBreakout_D1_148,79.58,3.030000000000001
XLP,TwoDayBreakout_D1,2026-01-12T00:00:00-05:00,2026-01-13T00:00:00-05:00,80.255,76.55,87.665,2026-01-20T00:00:00-05:00,82.38,time stop win,0.5735,win,XLP_TwoDayBreakout_D1_149,80.255,3.7049999999999983
XLP,TwoDayBreakout_D1,2026-01-13T00:00:00-05:00,2026-01-14T00:00:00-05:00,81.08,78.38,86.48,2026-01-21T00:00:00-05:00,82.42,time stop win,0.4963,win,XLP_TwoDayBreakout_D1_150,81.08,2.700000000000003
XLP,TwoDayBreakout_D1,2026-01-14T00:00:00-05:00,2026-01-15T00:00:00-05:00,82.035,79.26,87.585,2026-01-22T00:00:00-05:00,82.275,time stop win,0.0865,win,XLP_TwoDayBreakout_D1_151,82.035,2.7749999999999915
XLP,TwoDayBreakout_D1,2026-01-15T00:00:00-05:00,2026-01-16T00:00:00-05:00,82.035,80.255,85.595,2026-01-23T00:00:00-05:00,82.885,time stop win,0.4775,win,XLP_TwoDayBreakout_D1_152,82.035,1.7800000000000011
XLP,TwoDayBreakout_D1,2026-01-23T00:00:00-05:00,2026-01-26T00:00:00-05:00,83.125,81.66,86.055,2026-01-30T00:00:00-05:00,83.5,time stop win,0.256,win,XLP_TwoDayBreakout_D1_157,83.125,1.4650000000000034
XLP,TwoDayBreakout_D1,2026-01-30T00:00:00-05:00,2026-02-02T00:00:00-05:00,83.73,81.96,87.27,2026-02-04T00:00:00-05:00,87.27,TP hit,2.0,win,XLP_TwoDayBreakout_D1_162,83.73,1.7700000000000102
XLP,TwoDayBreakout_D1,2026-02-02T00:00:00-05:00,2026-02-03T00:00:00-05:00,84.105,82.01,88.295,2026-02-09T00:00:00-05:00,87.44,time stop win,1.5919,win,XLP_TwoDayBreakout_D1_163,84.105,2.094999999999999
XLP,TwoDayBreakout_D1,2026-02-03T00:00:00-05:00,2026-02-04T00:00:00-05:00,86.225,82.03,94.615,2026-02-10T00:00:00-05:00,87.14,time stop win,0.2181,win,XLP_TwoDayBreakout_D1_164,86.225,4.194999999999993
XLP,TwoDayBreakout_D1,2026-02-04T00:00:00-05:00,2026-02-05T00:00:00-05:00,87.535,83.315,95.975,2026-02-11T00:00:00-05:00,88.39,time stop win,0.2026,win,XLP_TwoDayBreakout_D1_165,87.535,4.219999999999999
XLP,TwoDayBreakout_D1,2026-02-06T00:00:00-05:00,2026-02-09T00:00:00-05:00,87.93,86.225,91.34,2026-02-13T00:00:00-05:00,89.49,time stop win,0.915,win,XLP_TwoDayBreakout_D1_167,87.93,1.7050000000000125
XLP,TwoDayBreakout_D1,2026-02-11T00:00:00-05:00,2026-02-12T00:00:00-05:00,88.52,86.825,91.91,2026-02-19T00:00:00-05:00,87.675,time stop loss,-0.4985,loss,XLP_TwoDayBreakout_D1_170,88.52,1.6949999999999932
XLP,TwoDayBreakout_D1,2026-02-12T00:00:00-05:00,2026-02-13T00:00:00-05:00,89.065,86.74,93.715,2026-02-20T00:00:00-05:00,87.89,time stop loss,-0.5054,loss,XLP_TwoDayBreakout_D1_171,89.065,2.325000000000003
XLP,TwoDayBreakout_D1,2026-02-23T00:00:00-05:00,2026-02-24T00:00:00-05:00,88.995,87.18,92.625,2026-02-27T00:00:00-05:00,89.99,time stop win,0.5482,win,XLP_TwoDayBreakout_D1_177,88.995,1.8149999999999977
XLP,TwoDayBreakout_D1,2026-02-24T00:00:00-05:00,2026-02-25T00:00:00-05:00,89.435,87.18,93.945,2026-02-27T00:00:00-05:00,89.99,time stop win,0.2461,win,XLP_TwoDayBreakout_D1_178,89.435,2.2549999999999955
XLU,PrevDayBreakout_D1,2025-06-12T00:00:00-04:00,2025-06-13T00:00:00-04:00,81.745,80.67,83.895,2025-06-16T00:00:00-04:00,80.67,SL hit,-1.0,loss,XLU_PrevDayBreakout_D1_3,81.745,1.0750000000000028
XLU,PrevDayBreakout_D1,2025-06-24T00:00:00-04:00,2025-06-25T00:00:00-04:00,81.23,80.47,82.75,2025-06-25T00:00:00-04:00,80.47,SL hit,-1.0,loss,XLU_PrevDayBreakout_D1_10,81.23,0.7600000000000051
XLU,PrevDayBreakout_D1,2025-06-27T00:00:00-04:00,2025-06-30T00:00:00-04:00,80.81,80.505,81.42,2025-06-30T00:00:00-04:00,81.42,TP hit,2.0,win,XLU_PrevDayBreakout_D1_13,80.81,0.3050000000000068
XLU,PrevDayBreakout_D1,2025-07-01T00:00:00-04:00,2025-07-02T00:00:00-04:00,81.64,80.68,83.56,2025-07-08T00:00:00-04:00,80.68,SL hit,-1.0,loss,XLU_PrevDayBreakout_D1_15,81.64,0.9599999999999937
XLU,PrevDayBreakout_D1,2025-07-09T00:00:00-04:00,2025-07-10T00:00:00-04:00,81.57,80.35,84.01,2025-07-16T00:00:00-04:00,82.04,time stop win,0.3852,win,XLU_PrevDayBreakout_D1_20,81.57,1.2199999999999989
XLU,PrevDayBreakout_D1,2025-07-10T00:00:00-04:00,2025-07-11T00:00:00-04:00,81.91,80.905,83.92,2025-07-17T00:00:00-04:00,82.36,time stop win,0.4478,win,XLU_PrevDayBreakout_D1_21,81.91,1.0049999999999955
XLU,PrevDayBreakout_D1,2025-07-14T00:00:00-04:00,2025-07-15T00:00:00-04:00,82.725,81.71,84.755,2025-07-15T00:00:00-04:00,81.71,SL hit,-1.0,loss,XLU_PrevDayBreakout_D1_23,82.725,1.0150000000000006
XLU,PrevDayBreakout_D1,2025-07-17T00:00:00-04:00,2025-07-18T00:00:00-04:00,82.53,81.42,84.75,2025-07-22T00:00:00-04:00,84.75,TP hit,2.0,win,XLU_PrevDayBreakout_D1_26,82.53,1.1099999999999994
XLU,PrevDayBreakout_D1,2025-07-18T00:00:00-04:00,2025-07-21T00:00:00-04:00,83.955,81.865,88.135,2025-07-25T00:00:00-04:00,84.52,time stop win,0.2703,win,XLU_PrevDayBreakout_D1_27,83.955,2.0900000000000034
XLU,PrevDayBreakout_D1,2025-07-22T00:00:00-04:00,2025-07-23T00:00:00-04:00,85.76,83.685,89.91,2025-07-28T00:00:00-04:00,83.685,SL hit,-1.0,loss,XLU_PrevDayBreakout_D1_29,85.76,2.075000000000003
XLU,PrevDayBreakout_D1,2025-07-29T00:00:00-04:00,2025-07-30T00:00:00-04:00,84.78,83.405,87.53,2025-08-04T00:00:00-04:00,87.53,TP hit,2.0,win,XLU_PrevDayBreakout_D1_34,84.78,1.375
XLU,PrevDayBreakout_D1,2025-07-30T00:00:00-04:00,2025-07-31T00:00:00-04:00,84.92,83.77,87.22,2025-08-04T00:00:00-04:00,87.22,TP hit,2.0,win,XLU_PrevDayBreakout_D1_35,84.92,1.1500000000000057
XLU,PrevDayBreakout_D1,2025-08-01T00:00:00-04:00,2025-08-04T00:00:00-04:00,86.185,84.91,88.735,2025-08-08T00:00:00-04:00,86.17,time stop loss,-0.0118,loss,XLU_PrevDayBreakout_D1_37,86.185,1.2750000000000057
XLU,PrevDayBreakout_D1,2025-08-04T00:00:00-04:00,2025-08-05T00:00:00-04:00,87.34,84.91,92.2,2025-08-11T00:00:00-04:00,85.91,time stop loss,-0.5885,loss,XLU_PrevDayBreakout_D1_38,87.34,2.430000000000007
XLU,PrevDayBreakout_D1,2025-08-13T00:00:00-04:00,2025-08-14T00:00:00-04:00,86.12,85.52,87.32,2025-08-15T00:00:00-04:00,85.52,SL hit,-1.0,loss,XLU_PrevDayBreakout_D1_45,86.12,0.6000000000000085
XLU,PrevDayBreakout_D1,2025-08-19T00:00:00-04:00,2025-08-20T00:00:00-04:00,86.23,85.135,88.42,2025-08-25T00:00:00-04:00,85.135,SL hit,-1.0,loss,XLU_PrevDayBreakout_D1_49,86.23,1.0949999999999989
XLU,PrevDayBreakout_D1,2025-08-20T00:00:00-04:00,2025-08-21T00:00:00-04:00,86.12,85.14,88.08,2025-08-25T00:00:00-04:00,85.14,SL hit,-1.0,loss,XLU_PrevDayBreakout_D1_50,86.12,0.980000000000004
XLU,PrevDayBreakout_D1,2025-09-10T00:00:00-04:00,2025-09-11T00:00:00-04:00,84.48,82.48,88.48,2025-09-17T00:00:00-04:00,84.37,time stop loss,-0.055,loss,XLU_PrevDayBreakout_D1_64,84.48,2.0
XLU,PrevDayBreakout_D1,2025-09-11T00:00:00-04:00,2025-09-12T00:00:00-04:00,84.78,83.49,87.36,2025-09-18T00:00:00-04:00,84.41,time stop loss,-0.2868,loss,XLU_PrevDayBreakout_D1_65,84.78,1.2900000000000063
XLU,PrevDayBreakout_D1,2025-09-12T00:00:00-04:00,2025-09-15T00:00:00-04:00,85.56,84.39,87.9,2025-09-16T00:00:00-04:00,84.39,SL hit,-1.0,loss,XLU_PrevDayBreakout_D1_66,85.56,1.1700000000000017
XLU,PrevDayBreakout_D1,2025-09-19T00:00:00-04:00,2025-09-22T00:00:00-04:00,84.405,83.83,85.555,2025-09-23T00:00:00-04:00,85.555,TP hit,2.0,win,XLU_PrevDayBreakout_D1_71,84.405,0.5750000000000028
XLU,PrevDayBreakout_D1,2025-09-23T00:00:00-04:00,2025-09-24T00:00:00-04:00,85.72,84.22,88.72,2025-09-30T00:00:00-04:00,87.22,time stop win,1.0,win,XLU_PrevDayBreakout_D1_73,85.72,1.5
XLU,PrevDayBreakout_D1,2025-09-24T00:00:00-04:00,2025-09-25T00:00:00-04:00,86.17,84.935,88.64,2025-10-01T00:00:00-04:00,88.06,time stop win,1.5304,win,XLU_PrevDayBreakout_D1_74,86.17,1.2349999999999994
XLU,PrevDayBreakout_D1,2025-09-26T00:00:00-04:00,2025-09-29T00:00:00-04:00,86.78,85.415,89.51,2025-10-03T00:00:00-04:00,89.51,TP hit,2.0,win,XLU_PrevDayBreakout_D1_76,86.78,1.3649999999999949
XLU,PrevDayBreakout_D1,2025-09-29T00:00:00-04:00,2025-09-30T00:00:00-04:00,87.165,85.64,90.215,2025-10-06T00:00:00-04:00,89.77,time stop win,1.7082,win,XLU_PrevDayBreakout_D1_77,87.165,1.5250000000000057
XLU,PrevDayBreakout_D1,2025-09-30T00:00:00-04:00,2025-10-01T00:00:00-04:00,87.38,86.16,89.82,2025-10-06T00:00:00-04:00,89.82,TP hit,2.0,win,XLU_PrevDayBreakout_D1_78,87.38,1.2199999999999989
XLU,PrevDayBreakout_D1,2025-10-01T00:00:00-04:00,2025-10-02T00:00:00-04:00,87.82,86.585,90.29,2025-10-07T00:00:00-04:00,90.29,TP hit,2.0,win,XLU_PrevDayBreakout_D1_79,87.82,1.2349999999999994
XLU,PrevDayBreakout_D1,2025-10-03T00:00:00-04:00,2025-10-06T00:00:00-04:00,89.31,87.24,93.45,2025-10-10T00:00:00-04:00,90.19,time stop win,0.4251,win,XLU_PrevDayBreakout_D1_81,89.31,2.0700000000000074
XLU,PrevDayBreakout_D1,2025-10-06T00:00:00-04:00,2025-10-07T00:00:00-04:00,90.15,88.09,94.27,2025-10-13T00:00:00-04:00,90.86,time stop win,0.3447,win,XLU_PrevDayBreakout_D1_82,90.15,2.0600000000000023
XLU,PrevDayBreakout_D1,2025-10-07T00:00:00-04:00,2025-10-08T00:00:00-04:00,90.845,88.83,94.875,2025-10-14T00:00:00-04:00,91.69,time stop win,0.4194,win,XLU_PrevDayBreakout_D1_83,90.845,2.0150000000000006
XLU,PrevDayBreakout_D1,2025-10-08T00:00:00-04:00,2025-10-09T00:00:00-04:00,91.21,89.915,93.8,2025-10-15T00:00:00-04:00,92.88,time stop win,1.2896,win,XLU_PrevDayBreakout_D1_84,91.21,1.2949999999999875
XLU,PrevDayBreakout_D1,2025-10-14T00:00:00-04:00,2025-10-15T00:00:00-04:00,92.155,90.26,95.945,2025-10-21T00:00:00-04:00,90.26,SL hit,-1.0,loss,XLU_PrevDayBreakout_D1_88,92.155,1.894999999999996
XLU,PrevDayBreakout_D1,2025-10-15T00:00:00-04:00,2025-10-16T00:00:00-04:00,93.39,90.62,98.93,2025-10-21T00:00:00-04:00,90.62,SL hit,-1.0,loss,XLU_PrevDayBreakout_D1_89,93.39,2.769999999999996
XLU,PrevDayBreakout_D1,2025-10-24T00:00:00-04:00,2025-10-27T00:00:00-04:00,91.36,89.83,94.42,2025-10-29T00:00:00-04:00,89.83,SL hit,-1.0,loss,XLU_PrevDayBreakout_D1_96,91.36,1.5300000000000011
XLU,PrevDayBreakout_D1,2025-11-07T00:00:00-05:00,2025-11-10T00:00:00-05:00,89.81,88.415,92.6,2025-11-14T00:00:00-05:00,88.415,SL hit,-1.0,loss,XLU_PrevDayBreakout_D1_106,89.81,1.394999999999996
XLU,PrevDayBreakout_D1,2025-11-17T00:00:00-05:00,2025-11-18T00:00:00-05:00,89.605,88.23,92.355,2025-11-20T00:00:00-05:00,88.23,SL hit,-1.0,loss,XLU_PrevDayBreakout_D1_112,89.605,1.375
XLU,PrevDayBreakout_D1,2025-11-24T00:00:00-05:00,2025-11-25T00:00:00-05:00,89.23,87.52,92.65,2025-12-02T00:00:00-05:00,87.88,time stop loss,-0.7895,loss,XLU_PrevDayBreakout_D1_117,89.23,1.710000000000008
XLU,PrevDayBreakout_D1,2025-11-26T00:00:00-05:00,2025-11-28T00:00:00-05:00,90.17,88.45,93.61,2025-12-02T00:00:00-05:00,88.45,SL hit,-1.0,loss,XLU_PrevDayBreakout_D1_119,90.17,1.7199999999999989
XLU,PrevDayBreakout_D1,2025-11-28T00:00:00-05:00,2025-12-01T00:00:00-05:00,90.0,89.155,91.69,2025-12-01T00:00:00-05:00,89.155,SL hit,-1.0,loss,XLU_PrevDayBreakout_D1_120,90.0,0.8449999999999989
XLU,PrevDayBreakout_D1,2025-12-11T00:00:00-05:00,2025-12-12T00:00:00-05:00,43.165,42.415,44.665,2025-12-18T00:00:00-05:00,43.19,time stop win,0.0333,win,XLU_PrevDayBreakout_D1_129,43.165,0.75
XLU,PrevDayBreakout_D1,2025-12-18T00:00:00-05:00,2025-12-19T00:00:00-05:00,43.11,42.55,44.23,2025-12-22T00:00:00-05:00,42.55,SL hit,-1.0,loss,XLU_PrevDayBreakout_D1_134,43.11,0.5600000000000023
XLU,PrevDayBreakout_D1,2025-12-23T00:00:00-05:00,2025-12-24T00:00:00-05:00,42.63,42.045,43.8,2025-12-31T00:00:00-05:00,42.69,time stop win,0.1026,win,XLU_PrevDayBreakout_D1_137,42.63,0.5850000000000009
XLU,PrevDayBreakout_D1,2025-12-24T00:00:00-05:00,2025-12-26T00:00:00-05:00,42.8,42.385,43.63,2026-01-02T00:00:00-05:00,43.19,time stop win,0.9398,win,XLU_PrevDayBreakout_D1_138,42.8,0.41499999999999915
XLU,PrevDayBreakout_D1,2025-12-29T00:00:00-05:00,2025-12-30T00:00:00-05:00,42.865,42.635,43.325,2026-01-02T00:00:00-05:00,43.325,TP hit,2.0,win,XLU_PrevDayBreakout_D1_140,42.865,0.23000000000000398
XLU,PrevDayBreakout_D1,2026-01-02T00:00:00-05:00,2026-01-05T00:00:00-05:00,43.19,42.68,44.21,2026-01-05T00:00:00-05:00,42.68,SL hit,-1.0,loss,XLU_PrevDayBreakout_D1_143,43.19,0.509999999999998
XLU,PrevDayBreakout_D1,2026-01-09T00:00:00-05:00,2026-01-12T00:00:00-05:00,42.365,41.82,43.455,2026-01-15T00:00:00-05:00,43.455,TP hit,2.0,win,XLU_PrevDayBreakout_D1_148,42.365,0.5450000000000017
XLU,PrevDayBreakout_D1,2026-01-13T00:00:00-05:00,2026-01-14T00:00:00-05:00,42.78,42.3,43.74,2026-01-15T00:00:00-05:00,43.74,TP hit,2.0,win,XLU_PrevDayBreakout_D1_150,42.78,0.480000000000004
XLU,PrevDayBreakout_D1,2026-01-14T00:00:00-05:00,2026-01-15T00:00:00-05:00,43.33,42.42,45.15,2026-01-22T00:00:00-05:00,42.715,time stop loss,-0.6758,loss,XLU_PrevDayBreakout_D1_151,43.33,0.9099999999999966
XLU,PrevDayBreakout_D1,2026-01-15T00:00:00-05:00,2026-01-16T00:00:00-05:00,43.19,42.78,44.01,2026-01-21T00:00:00-05:00,42.78,SL hit,-1.0,loss,XLU_PrevDayBreakout_D1_152,43.19,0.4099999999999966
XLU,PrevDayBreakout_D1,2026-01-26T00:00:00-05:00,2026-01-27T00:00:00-05:00,42.82,42.31,43.84,2026-02-02T00:00:00-05:00,42.605,time stop loss,-0.4216,loss,XLU_PrevDayBreakout_D1_158,42.82,0.509999999999998
XLU,PrevDayBreakout_D1,2026-01-27T00:00:00-05:00,2026-01-28T00:00:00-05:00,43.47,42.745,44.92,2026-02-02T00:00:00-05:00,42.745,SL hit,-1.0,loss,XLU_PrevDayBreakout_D1_159,43.47,0.7250000000000014
XLU,PrevDayBreakout_D1,2026-02-10T00:00:00-05:00,2026-02-11T00:00:00-05:00,44.38,43.06,47.02,2026-02-17T00:00:00-05:00,47.02,TP hit,2.0,win,XLU_PrevDayBreakout_D1_169,44.38,1.3200000000000003
XLU,PrevDayBreakout_D1,2026-02-11T00:00:00-05:00,2026-02-12T00:00:00-05:00,44.75,43.555,47.14,2026-02-19T00:00:00-05:00,46.12,time stop win,1.1464,win,XLU_PrevDayBreakout_D1_170,44.75,1.1950000000000003
XLU,PrevDayBreakout_D1,2026-02-12T00:00:00-05:00,2026-02-13T00:00:00-05:00,45.22,44.135,47.39,2026-02-20T00:00:00-05:00,46.34,time stop win,1.0323,win,XLU_PrevDayBreakout_D1_171,45.22,1.0850000000000009
XLU,PrevDayBreakout_D1,2026-02-13T00:00:00-05:00,2026-02-17T00:00:00-05:00,46.795,44.75,50.885,2026-02-23T00:00:00-05:00,46.68,time stop loss,-0.0562,loss,XLU_PrevDayBreakout_D1_172,46.795,2.0450000000000017
XLU,PrevDayBreakout_D1,2026-02-20T00:00:00-05:00,2026-02-23T00:00:00-05:00,46.43,45.685,47.92,2026-02-27T00:00:00-05:00,47.725,time stop win,1.7383,win,XLU_PrevDayBreakout_D1_176,46.43,0.7449999999999974
XLU,PrevDayBreakout_D1,2026-02-23T00:00:00-05:00,2026-02-24T00:00:00-05:00,46.63,45.9,48.09,2026-02-27T00:00:00-05:00,47.725,time stop win,1.5,win,XLU_PrevDayBreakout_D1_177,46.63,0.730000000000004
XLU,PrevDayBreakout_D1,2026-02-24T00:00:00-05:00,2026-02-25T00:00:00-05:00,47.21,46.375,48.88,2026-02-27T00:00:00-05:00,47.725,time stop win,0.6168,win,XLU_PrevDayBreakout_D1_178,47.21,0.8350000000000009
XLU,PrevDayBreakout_D1,2026-02-25T00:00:00-05:00,2026-02-26T00:00:00-05:00,47.315,46.29,49.365,2026-02-27T00:00:00-05:00,47.725,time stop win,0.4,win,XLU_PrevDayBreakout_D1_179,47.315,1.0249999999999986
XLV,MeanReversion_D1,2025-06-17T00:00:00-04:00,2025-06-18T00:00:00-04:00,133.43,133.32,133.65,2025-06-18T00:00:00-04:00,133.32,SL hit,-1.0,loss,XLV_MeanReversion_D1_6,133.43,0.11000000000001364
XLV,MeanReversion_D1,2025-06-18T00:00:00-04:00,2025-06-20T00:00:00-04:00,133.735,132.49,136.225,2025-06-20T00:00:00-04:00,132.49,SL hit,-1.0,loss,XLV_MeanReversion_D1_7,133.735,1.2450000000000045
XLV,MeanReversion_D1,2025-06-23T00:00:00-04:00,2025-06-24T00:00:00-04:00,132.53,130.99,135.61,2025-06-30T00:00:00-04:00,134.76,time stop win,1.4481,win,XLV_MeanReversion_D1_9,132.53,1.539999999999992
XLV,MeanReversion_D1,2025-07-07T00:00:00-04:00,2025-07-08T00:00:00-04:00,134.21,133.66,135.31,2025-07-08T00:00:00-04:00,135.31,TP hit,2.0,win,XLV_MeanReversion_D1_18,134.21,0.5500000000000114
XLV,MeanReversion_D1,2025-07-15T00:00:00-04:00,2025-07-16T00:00:00-04:00,133.19,132.51,134.55,2025-07-17T00:00:00-04:00,132.51,SL hit,-1.0,loss,XLV_MeanReversion_D1_24,133.19,0.6800000000000068
XLV,MeanReversion_D1,2025-07-17T00:00:00-04:00,2025-07-18T00:00:00-04:00,133.1,132.29,134.72,2025-07-18T00:00:00-04:00,132.29,SL hit,-1.0,loss,XLV_MeanReversion_D1_26,133.1,0.8100000000000023
XLV,MeanReversion_D1,2025-07-18T00:00:00-04:00,2025-07-21T00:00:00-04:00,131.965,131.66,132.575,2025-07-21T00:00:00-04:00,131.66,SL hit,-1.0,loss,XLV_MeanReversion_D1_27,131.965,0.3050000000000068
XLV,MeanReversion_D1,2025-07-21T00:00:00-04:00,2025-07-22T00:00:00-04:00,131.415,131.035,132.175,2025-07-22T00:00:00-04:00,132.175,TP hit,2.0,win,XLV_MeanReversion_D1_28,131.415,0.37999999999999545
XLV,MeanReversion_D1,2025-07-29T00:00:00-04:00,2025-07-30T00:00:00-04:00,134.63,133.03,137.83,2025-07-31T00:00:00-04:00,133.03,SL hit,-1.0,loss,XLV_MeanReversion_D1_34,134.63,1.5999999999999943
XLV,MeanReversion_D1,2025-07-31T00:00:00-04:00,2025-08-01T00:00:00-04:00,130.655,129.99,131.985,2025-08-01T00:00:00-04:00,129.99,SL hit,-1.0,loss,XLV_MeanReversion_D1_36,130.655,0.664999999999992
XLV,MeanReversion_D1,2025-08-07T00:00:00-04:00,2025-08-08T00:00:00-04:00,129.31,127.995,131.94,2025-08-13T00:00:00-04:00,131.94,TP hit,2.0,win,XLV_MeanReversion_D1_41,129.31,1.3149999999999977
XLV,MeanReversion_D1,2025-08-25T00:00:00-04:00,2025-08-26T00:00:00-04:00,136.595,136.11,137.565,2025-08-27T00:00:00-04:00,137.565,TP hit,2.0,win,XLV_MeanReversion_D1_53,136.595,0.4849999999999852
XLV,MeanReversion_D1,2025-08-28T00:00:00-04:00,2025-08-29T00:00:00-04:00,136.55,135.76,138.13,2025-09-05T00:00:00-04:00,138.13,TP hit,2.0,win,XLV_MeanReversion_D1_56,136.55,0.7900000000000205
XLV,MeanReversion_D1,2025-09-10T00:00:00-04:00,2025-09-11T00:00:00-04:00,138.055,136.805,140.555,2025-09-15T00:00:00-04:00,136.805,SL hit,-1.0,loss,XLV_MeanReversion_D1_64,138.055,1.25
XLV,MeanReversion_D1,2025-09-15T00:00:00-04:00,2025-09-16T00:00:00-04:00,136.73,136.66,136.87,2025-09-16T00:00:00-04:00,136.66,SL hit,-1.0,loss,XLV_MeanReversion_D1_67,136.73,0.06999999999999318
XLV,MeanReversion_D1,2025-09-22T00:00:00-04:00,2025-09-23T00:00:00-04:00,136.31,135.89,137.15,2025-09-23T00:00:00-04:00,137.15,TP hit,2.0,win,XLV_MeanReversion_D1_72,136.31,0.4200000000000159
XLV,MeanReversion_D1,2025-09-25T00:00:00-04:00,2025-09-26T00:00:00-04:00,135.055,133.73,137.705,2025-09-30T00:00:00-04:00,137.705,TP hit,2.0,win,XLV_MeanReversion_D1_75,135.055,1.325000000000017
XLV,MeanReversion_D1,2025-10-29T00:00:00-04:00,2025-10-30T00:00:00-04:00,143.98,143.595,144.75,2025-10-30T00:00:00-04:00,144.75,TP hit,2.0,win,XLV_MeanReversion_D1_99,143.98,0.3849999999999909
XLV,MeanReversion_D1,2025-11-14T00:00:00-05:00,2025-11-17T00:00:00-05:00,151.2,151.19,151.22,2025-11-17T00:00:00-05:00,151.22,TP hit,2.0,win,XLV_MeanReversion_D1_111,151.2,0.009999999999990905
XLV,MeanReversion_D1,2025-11-20T00:00:00-05:00,2025-11-21T00:00:00-05:00,151.79,151.15,153.07,2025-11-21T00:00:00-05:00,153.07,TP hit,2.0,win,XLV_MeanReversion_D1_115,151.79,0.6399999999999864
XLV,MeanReversion_D1,2025-11-28T00:00:00-05:00,2025-12-01T00:00:00-05:00,157.255,157.17,157.425,2025-12-01T00:00:00-05:00,157.17,SL hit,-1.0,loss,XLV_MeanReversion_D1_120,157.255,0.08500000000000796
XLV,MeanReversion_D1,2025-12-01T00:00:00-05:00,2025-12-02T00:00:00-05:00,155.2,155.18,155.24,2025-12-02T00:00:00-05:00,155.18,SL hit,-1.0,loss,XLV_MeanReversion_D1_121,155.2,0.01999999999998181
XLV,MeanReversion_D1,2025-12-02T00:00:00-05:00,2025-12-03T00:00:00-05:00,154.675,154.145,155.735,2025-12-03T00:00:00-05:00,155.735,TP hit,2.0,win,XLV_MeanReversion_D1_122,154.675,0.5300000000000011
XLV,MeanReversion_D1,2025-12-04T00:00:00-05:00,2025-12-05T00:00:00-05:00,154.45,153.395,156.56,2025-12-05T00:00:00-05:00,153.395,SL hit,-1.0,loss,XLV_MeanReversion_D1_124,154.45,1.0549999999999784
XLV,MeanReversion_D1,2025-12-05T00:00:00-05:00,2025-12-08T00:00:00-05:00,153.07,152.965,153.28,2025-12-08T00:00:00-05:00,152.965,SL hit,-1.0,loss,XLV_MeanReversion_D1_125,153.07,0.10499999999998977
XLV,MeanReversion_D1,2025-12-08T00:00:00-05:00,2025-12-09T00:00:00-05:00,152.31,151.2,154.53,2025-12-09T00:00:00-05:00,151.2,SL hit,-1.0,loss,XLV_MeanReversion_D1_126,152.31,1.1100000000000136
XLV,MeanReversion_D1,2025-12-09T00:00:00-05:00,2025-12-10T00:00:00-05:00,150.525,149.855,151.865,2025-12-10T00:00:00-05:00,151.865,TP hit,2.0,win,XLV_MeanReversion_D1_127,150.525,0.6700000000000159
XLV,MeanReversion_D1,2025-12-16T00:00:00-05:00,2025-12-17T00:00:00-05:00,154.19,153.09,156.39,2025-12-23T00:00:00-05:00,154.99,time stop win,0.7273,win,XLV_MeanReversion_D1_132,154.19,1.0999999999999943
XLV,MeanReversion_D1,2026-01-08T00:00:00-05:00,2026-01-09T00:00:00-05:00,158.415,157.625,159.995,2026-01-09T00:00:00-05:00,157.625,SL hit,-1.0,loss,XLV_MeanReversion_D1_147,158.415,0.789999999999992
XLV,MeanReversion_D1,2026-01-09T00:00:00-05:00,2026-01-12T00:00:00-05:00,157.4,157.26,157.68,2026-01-12T00:00:00-05:00,157.26,SL hit,-1.0,loss,XLV_MeanReversion_D1_148,157.4,0.14000000000001478
XLV,MeanReversion_D1,2026-01-20T00:00:00-05:00,2026-01-21T00:00:00-05:00,155.145,153.25,158.935,2026-01-22T00:00:00-05:00,158.935,TP hit,2.0,win,XLV_MeanReversion_D1_154,155.145,1.8950000000000102
XLV,MeanReversion_D1,2026-01-23T00:00:00-05:00,2026-01-26T00:00:00-05:00,157.35,156.66,158.73,2026-01-27T00:00:00-05:00,156.66,SL hit,-1.0,loss,XLV_MeanReversion_D1_157,157.35,0.6899999999999977
XLV,MeanReversion_D1,2026-01-28T00:00:00-05:00,2026-01-29T00:00:00-05:00,154.13,153.48,155.43,2026-01-30T00:00:00-05:00,153.48,SL hit,-1.0,loss,XLV_MeanReversion_D1_160,154.13,0.6500000000000057
XLV,MeanReversion_D1,2026-02-03T00:00:00-05:00,2026-02-04T00:00:00-05:00,154.72,153.855,156.45,2026-02-04T00:00:00-05:00,156.45,TP hit,2.0,win,XLV_MeanReversion_D1_164,154.72,0.8650000000000091
XLV,MeanReversion_D1,2026-02-26T00:00:00-05:00,2026-02-27T00:00:00-05:00,156.705,156.09,157.935,2026-02-27T00:00:00-05:00,157.935,TP hit,2.0,win,XLV_MeanReversion_D1_180,156.705,0.6150000000000091
XLV,PrevDayBreakout_D1,2025-06-10T00:00:00-04:00,2025-06-11T00:00:00-04:00,135.74,133.42,140.38,2025-06-17T00:00:00-04:00,133.42,SL hit,-1.0,loss,XLV_PrevDayBreakout_D1_1,135.74,2.3200000000000216
XLV,PrevDayBreakout_D1,2025-06-12T00:00:00-04:00,2025-06-13T00:00:00-04:00,136.055,135.345,137.475,2025-06-16T00:00:00-04:00,135.345,SL hit,-1.0,loss,XLV_PrevDayBreakout_D1_3,136.055,0.710000000000008
XLV,PrevDayBreakout_D1,2025-06-24T00:00:00-04:00,2025-06-25T00:00:00-04:00,133.44,130.99,138.34,2025-07-01T00:00:00-04:00,136.71,time stop win,1.3347,win,XLV_PrevDayBreakout_D1_10,133.44,2.4499999999999886
XLV,PrevDayBreakout_D1,2025-07-01T00:00:00-04:00,2025-07-02T00:00:00-04:00,135.95,133.81,140.23,2025-07-07T00:00:00-04:00,133.81,SL hit,-1.0,loss,XLV_PrevDayBreakout_D1_15,135.95,2.1399999999999864
XLV,PrevDayBreakout_D1,2025-07-10T00:00:00-04:00,2025-07-11T00:00:00-04:00,135.84,134.44,138.64,2025-07-11T00:00:00-04:00,134.44,SL hit,-1.0,loss,XLV_PrevDayBreakout_D1_21,135.84,1.4000000000000057
XLV,PrevDayBreakout_D1,2025-07-22T00:00:00-04:00,2025-07-23T00:00:00-04:00,135.3,131.035,143.83,2025-07-29T00:00:00-04:00,134.43,time stop loss,-0.204,loss,XLV_PrevDayBreakout_D1_29,135.3,4.265000000000015
XLV,PrevDayBreakout_D1,2025-07-23T00:00:00-04:00,2025-07-24T00:00:00-04:00,136.115,131.415,145.515,2025-07-30T00:00:00-04:00,134.19,time stop loss,-0.4096,loss,XLV_PrevDayBreakout_D1_30,136.115,4.700000000000017
XLV,PrevDayBreakout_D1,2025-08-04T00:00:00-04:00,2025-08-05T00:00:00-04:00,132.565,129.88,137.935,2025-08-07T00:00:00-04:00,129.88,SL hit,-1.0,loss,XLV_PrevDayBreakout_D1_38,132.565,2.6850000000000023
XLV,PrevDayBreakout_D1,2025-08-13T00:00:00-04:00,2025-08-14T00:00:00-04:00,132.82,130.19,138.08,2025-08-20T00:00:00-04:00,138.08,TP hit,2.0,win,XLV_PrevDayBreakout_D1_45,132.82,2.6299999999999955
XLV,PrevDayBreakout_D1,2025-08-14T00:00:00-04:00,2025-08-15T00:00:00-04:00,135.59,131.665,143.44,2025-08-21T00:00:00-04:00,137.05,time stop win,0.372,win,XLV_PrevDayBreakout_D1_46,135.59,3.9250000000000114
XLV,PrevDayBreakout_D1,2025-08-15T00:00:00-04:00,2025-08-18T00:00:00-04:00,136.45,132.415,144.52,2025-08-22T00:00:00-04:00,138.16,time stop win,0.4238,win,XLV_PrevDayBreakout_D1_47,136.45,4.034999999999997
XLV,PrevDayBreakout_D1,2025-08-20T00:00:00-04:00,2025-08-21T00:00:00-04:00,137.305,135.88,140.155,2025-08-27T00:00:00-04:00,136.96,time stop loss,-0.2421,loss,XLV_PrevDayBreakout_D1_50,137.305,1.4250000000000114
XLV,PrevDayBreakout_D1,2025-08-29T00:00:00-04:00,2025-09-02T00:00:00-04:00,136.96,135.76,139.36,2025-09-08T00:00:00-04:00,137.8,time stop win,0.7,win,XLV_PrevDayBreakout_D1_57,136.96,1.200000000000017
XLV,PrevDayBreakout_D1,2025-09-02T00:00:00-04:00,2025-09-03T00:00:00-04:00,137.195,136.39,138.805,2025-09-03T00:00:00-04:00,136.39,SL hit,-1.0,loss,XLV_PrevDayBreakout_D1_58,137.195,0.8050000000000068
XLV,PrevDayBreakout_D1,2025-09-05T00:00:00-04:00,2025-09-08T00:00:00-04:00,137.465,136.08,140.235,2025-09-12T00:00:00-04:00,138.13,time stop win,0.4801,win,XLV_PrevDayBreakout_D1_61,137.465,1.384999999999991
XLV,PrevDayBreakout_D1,2025-09-09T00:00:00-04:00,2025-09-10T00:00:00-04:00,138.39,136.39,142.39,2025-09-16T00:00:00-04:00,136.93,time stop loss,-0.73,loss,XLV_PrevDayBreakout_D1_63,138.39,2.0
XLV,PrevDayBreakout_D1,2025-09-11T00:00:00-04:00,2025-09-12T00:00:00-04:00,139.09,136.805,143.66,2025-09-15T00:00:00-04:00,136.805,SL hit,-1.0,loss,XLV_PrevDayBreakout_D1_65,139.09,2.2849999999999966
XLV,PrevDayBreakout_D1,2025-09-29T00:00:00-04:00,2025-09-30T00:00:00-04:00,135.78,134.64,138.06,2025-09-30T00:00:00-04:00,138.06,TP hit,2.0,win,XLV_PrevDayBreakout_D1_77,135.78,1.1400000000000148
XLV,PrevDayBreakout_D1,2025-09-30T00:00:00-04:00,2025-10-01T00:00:00-04:00,139.675,134.75,149.525,2025-10-07T00:00:00-04:00,144.23,time stop win,0.9249,win,XLV_PrevDayBreakout_D1_78,139.675,4.925000000000011
XLV,PrevDayBreakout_D1,2025-10-01T00:00:00-04:00,2025-10-02T00:00:00-04:00,142.305,135.69,155.535,2025-10-08T00:00:00-04:00,144.495,time stop win,0.3311,win,XLV_PrevDayBreakout_D1_79,142.305,6.615000000000009
XLV,PrevDayBreakout_D1,2025-10-03T00:00:00-04:00,2025-10-06T00:00:00-04:00,144.9,142.24,150.22,2025-10-10T00:00:00-04:00,142.24,SL hit,-1.0,loss,XLV_PrevDayBreakout_D1_81,144.9,2.6599999999999966
XLV,PrevDayBreakout_D1,2025-10-20T00:00:00-04:00,2025-10-21T00:00:00-04:00,145.035,141.39,152.325,2025-10-27T00:00:00-04:00,146.37,time stop win,0.3663,win,XLV_PrevDayBreakout_D1_92,145.035,3.6450000000000102
XLV,PrevDayBreakout_D1,2025-10-21T00:00:00-04:00,2025-10-22T00:00:00-04:00,146.13,143.6,151.19,2025-10-28T00:00:00-04:00,145.43,time stop loss,-0.2767,loss,XLV_PrevDayBreakout_D1_93,146.13,2.530000000000001
XLV,PrevDayBreakout_D1,2025-10-22T00:00:00-04:00,2025-10-23T00:00:00-04:00,145.5,144.34,147.82,2025-10-29T00:00:00-04:00,144.34,SL hit,-1.0,loss,XLV_PrevDayBreakout_D1_94,145.5,1.1599999999999966
XLV,PrevDayBreakout_D1,2025-11-04T00:00:00-05:00,2025-11-05T00:00:00-05:00,144.705,142.835,148.445,2025-11-11T00:00:00-05:00,148.445,TP hit,2.0,win,XLV_PrevDayBreakout_D1_103,144.705,1.8700000000000045
XLV,PrevDayBreakout_D1,2025-11-05T00:00:00-05:00,2025-11-06T00:00:00-05:00,145.185,143.61,148.335,2025-11-11T00:00:00-05:00,148.335,TP hit,2.0,win,XLV_PrevDayBreakout_D1_104,145.185,1.5749999999999886
XLV,PrevDayBreakout_D1,2025-11-07T00:00:00-05:00,2025-11-10T00:00:00-05:00,145.86,144.95,147.68,2025-11-11T00:00:00-05:00,147.68,TP hit,2.0,win,XLV_PrevDayBreakout_D1_106,145.86,0.910000000000025
XLV,PrevDayBreakout_D1,2025-11-10T00:00:00-05:00,2025-11-11T00:00:00-05:00,147.65,144.72,153.51,2025-11-13T00:00:00-05:00,153.51,TP hit,2.0,win,XLV_PrevDayBreakout_D1_107,147.65,2.930000000000007
XLV,PrevDayBreakout_D1,2025-11-11T00:00:00-05:00,2025-11-12T00:00:00-05:00,150.755,145.72,160.825,2025-11-18T00:00:00-05:00,152.57,time stop win,0.3605,win,XLV_PrevDayBreakout_D1_108,150.755,5.034999999999997
XLV,PrevDayBreakout_D1,2025-11-12T00:00:00-05:00,2025-11-13T00:00:00-05:00,152.1,147.65,161.0,2025-11-19T00:00:00-05:00,152.32,time stop win,0.0494,win,XLV_PrevDayBreakout_D1_109,152.1,4.449999999999989
XLV,PrevDayBreakout_D1,2025-11-21T00:00:00-05:00,2025-11-24T00:00:00-05:00,155.17,151.15,163.21,2025-12-01T00:00:00-05:00,155.32,time stop win,0.0373,win,XLV_PrevDayBreakout_D1_116,155.17,4.019999999999982
XLV,PrevDayBreakout_D1,2025-11-25T00:00:00-05:00,2025-11-26T00:00:00-05:00,158.38,154.485,166.17,2025-12-02T00:00:00-05:00,154.485,SL hit,-1.0,loss,XLV_PrevDayBreakout_D1_118,158.38,3.894999999999982
XLV,PrevDayBreakout_D1,2025-12-11T00:00:00-05:00,2025-12-12T00:00:00-05:00,153.7,149.87,161.36,2025-12-18T00:00:00-05:00,153.89,time stop win,0.0496,win,XLV_PrevDayBreakout_D1_129,153.7,3.829999999999984
XLV,PrevDayBreakout_D1,2025-12-15T00:00:00-05:00,2025-12-16T00:00:00-05:00,156.07,153.42,161.37,2025-12-16T00:00:00-05:00,153.42,SL hit,-1.0,loss,XLV_PrevDayBreakout_D1_131,156.07,2.6500000000000057
XLV,PrevDayBreakout_D1,2025-12-24T00:00:00-05:00,2025-12-26T00:00:00-05:00,155.71,154.68,157.77,2026-01-02T00:00:00-05:00,154.68,SL hit,-1.0,loss,XLV_PrevDayBreakout_D1_138,155.71,1.0300000000000011
XLV,PrevDayBreakout_D1,2025-12-26T00:00:00-05:00,2025-12-29T00:00:00-05:00,156.07,155.23,157.75,2025-12-30T00:00:00-05:00,155.23,SL hit,-1.0,loss,XLV_PrevDayBreakout_D1_139,156.07,0.8400000000000034
XLV,PrevDayBreakout_D1,2026-01-06T00:00:00-05:00,2026-01-07T00:00:00-05:00,158.8,152.98,170.44,2026-01-13T00:00:00-05:00,156.71,time stop loss,-0.3591,loss,XLV_PrevDayBreakout_D1_145,158.8,5.820000000000022
XLV,PrevDayBreakout_D1,2026-01-07T00:00:00-05:00,2026-01-08T00:00:00-05:00,159.235,155.355,166.995,2026-01-14T00:00:00-05:00,157.87,time stop loss,-0.3518,loss,XLV_PrevDayBreakout_D1_146,159.235,3.880000000000024
XLV,PrevDayBreakout_D1,2026-01-14T00:00:00-05:00,2026-01-15T00:00:00-05:00,157.425,155.75,160.775,2026-01-15T00:00:00-05:00,155.75,SL hit,-1.0,loss,XLV_PrevDayBreakout_D1_151,157.425,1.6750000000000114
XLV,PrevDayBreakout_D1,2026-01-21T00:00:00-05:00,2026-01-22T00:00:00-05:00,157.745,153.25,166.735,2026-01-28T00:00:00-05:00,154.265,time stop loss,-0.7742,loss,XLV_PrevDayBreakout_D1_155,157.745,4.4950000000000045
XLV,PrevDayBreakout_D1,2026-01-30T00:00:00-05:00,2026-02-02T00:00:00-05:00,154.62,153.5,156.86,2026-02-03T00:00:00-05:00,156.86,TP hit,2.0,win,XLV_PrevDayBreakout_D1_162,154.62,1.1200000000000045
XLV,PrevDayBreakout_D1,2026-02-02T00:00:00-05:00,2026-02-03T00:00:00-05:00,154.92,153.3,158.16,2026-02-09T00:00:00-05:00,156.29,time stop win,0.8457,win,XLV_PrevDayBreakout_D1_163,154.92,1.6199999999999761
XLV,PrevDayBreakout_D1,2026-02-06T00:00:00-05:00,2026-02-09T00:00:00-05:00,157.78,154.69,163.96,2026-02-11T00:00:00-05:00,154.69,SL hit,-1.0,loss,XLV_PrevDayBreakout_D1_167,157.78,3.0900000000000034
XLV,PrevDayBreakout_D1,2026-02-13T00:00:00-05:00,2026-02-17T00:00:00-05:00,157.69,155.48,162.11,2026-02-23T00:00:00-05:00,158.57,time stop win,0.3982,win,XLV_PrevDayBreakout_D1_172,157.69,2.210000000000008
XLV,PrevDayBreakout_D1,2026-02-23T00:00:00-05:00,2026-02-24T00:00:00-05:00,158.075,155.9,162.425,2026-02-27T00:00:00-05:00,160.19,time stop win,0.9724,win,XLV_PrevDayBreakout_D1_177,158.075,2.174999999999983
XME,PrevDayBreakout_D1,2025-06-12T00:00:00-04:00,2025-06-13T00:00:00-04:00,64.28,63.76,65.32,2025-06-13T00:00:00-04:00,65.32,TP hit,2.0,win,XME_PrevDayBreakout_D1_3,64.28,0.5200000000000031
XME,PrevDayBreakout_D1,2025-06-13T00:00:00-04:00,2025-06-16T00:00:00-04:00,66.22,63.79,71.08,2025-06-23T00:00:00-04:00,66.22,time stop scratch,0.0,scratch,XME_PrevDayBreakout_D1_4,66.22,2.4299999999999997
XME,PrevDayBreakout_D1,2025-06-16T00:00:00-04:00,2025-06-17T00:00:00-04:00,66.465,64.28,70.835,2025-06-24T00:00:00-04:00,65.98,time stop loss,-0.222,loss,XME_PrevDayBreakout_D1_5,66.465,2.1850000000000023
XME,PrevDayBreakout_D1,2025-06-17T00:00:00-04:00,2025-06-18T00:00:00-04:00,66.66,66.1,67.78,2025-06-20T00:00:00-04:00,66.1,SL hit,-1.0,loss,XME_PrevDayBreakout_D1_6,66.66,0.5600000000000023
XME,PrevDayBreakout_D1,2025-06-26T00:00:00-04:00,2025-06-27T00:00:00-04:00,66.665,65.2,69.595,2025-07-02T00:00:00-04:00,69.595,TP hit,2.0,win,XME_PrevDayBreakout_D1_12,66.665,1.4650000000000034
XME,PrevDayBreakout_D1,2025-06-30T00:00:00-04:00,2025-07-01T00:00:00-04:00,67.015,65.68,69.685,2025-07-02T00:00:00-04:00,69.685,TP hit,2.0,win,XME_PrevDayBreakout_D1_14,67.015,1.3349999999999937
XME,PrevDayBreakout_D1,2025-07-02T00:00:00-04:00,2025-07-03T00:00:00-04:00,69.97,66.115,77.68,2025-07-10T00:00:00-04:00,72.14,time stop win,0.5629,win,XME_PrevDayBreakout_D1_16,69.97,3.855000000000004
XME,PrevDayBreakout_D1,2025-07-10T00:00:00-04:00,2025-07-11T00:00:00-04:00,71.905,68.07,79.575,2025-07-17T00:00:00-04:00,74.61,time stop win,0.7053,win,XME_PrevDayBreakout_D1_21,71.905,3.835000000000008
XME,PrevDayBreakout_D1,2025-07-11T00:00:00-04:00,2025-07-14T00:00:00-04:00,72.92,71.005,76.75,2025-07-18T00:00:00-04:00,75.18,time stop win,1.1802,win,XME_PrevDayBreakout_D1_22,72.92,1.9150000000000063
XME,PrevDayBreakout_D1,2025-07-17T00:00:00-04:00,2025-07-18T00:00:00-04:00,74.92,71.4,81.96,2025-07-24T00:00:00-04:00,77.23,time stop win,0.6563,win,XME_PrevDayBreakout_D1_26,74.92,3.519999999999996
XME,PrevDayBreakout_D1,2025-07-18T00:00:00-04:00,2025-07-21T00:00:00-04:00,76.57,71.985,85.74,2025-07-25T00:00:00-04:00,77.54,time stop win,0.2116,win,XME_PrevDayBreakout_D1_27,76.57,4.584999999999994
XME,PrevDayBreakout_D1,2025-07-21T00:00:00-04:00,2025-07-22T00:00:00-04:00,76.89,74.85,80.97,2025-07-28T00:00:00-04:00,76.2,time stop loss,-0.3382,loss,XME_PrevDayBreakout_D1_28,76.89,2.0400000000000063
XME,PrevDayBreakout_D1,2025-07-22T00:00:00-04:00,2025-07-23T00:00:00-04:00,78.54,75.89,83.84,2025-07-28T00:00:00-04:00,75.89,SL hit,-1.0,loss,XME_PrevDayBreakout_D1_29,78.54,2.6500000000000057
XME,PrevDayBreakout_D1,2025-08-04T00:00:00-04:00,2025-08-05T00:00:00-04:00,74.35,71.09,80.87,2025-08-11T00:00:00-04:00,78.725,time stop win,1.342,win,XME_PrevDayBreakout_D1_38,74.35,3.259999999999991
XME,PrevDayBreakout_D1,2025-08-05T00:00:00-04:00,2025-08-06T00:00:00-04:00,76.185,72.55,83.455,2025-08-12T00:00:00-04:00,80.995,time stop win,1.3232,win,XME_PrevDayBreakout_D1_39,76.185,3.635000000000005
XME,PrevDayBreakout_D1,2025-08-07T00:00:00-04:00,2025-08-08T00:00:00-04:00,79.335,75.34,87.325,2025-08-14T00:00:00-04:00,80.59,time stop win,0.3141,win,XME_PrevDayBreakout_D1_41,79.335,3.9949999999999903
XME,PrevDayBreakout_D1,2025-08-08T00:00:00-04:00,2025-08-11T00:00:00-04:00,78.305,76.45,82.015,2025-08-15T00:00:00-04:00,79.8,time stop win,0.8059,win,XME_PrevDayBreakout_D1_42,78.305,1.855000000000004
XME,PrevDayBreakout_D1,2025-08-12T00:00:00-04:00,2025-08-13T00:00:00-04:00,80.81,78.01,86.41,2025-08-19T00:00:00-04:00,78.01,SL hit,-1.0,loss,XME_PrevDayBreakout_D1_44,80.81,2.799999999999997
XME,PrevDayBreakout_D1,2025-08-13T00:00:00-04:00,2025-08-14T00:00:00-04:00,80.485,79.4,82.655,2025-08-18T00:00:00-04:00,79.4,SL hit,-1.0,loss,XME_PrevDayBreakout_D1_45,80.485,1.0849999999999937
XME,PrevDayBreakout_D1,2025-08-21T00:00:00-04:00,2025-08-22T00:00:00-04:00,77.49,76.455,79.56,2025-08-22T00:00:00-04:00,79.56,TP hit,2.0,win,XME_PrevDayBreakout_D1_51,77.49,1.0349999999999966
XME,PrevDayBreakout_D1,2025-08-22T00:00:00-04:00,2025-08-25T00:00:00-04:00,80.33,76.59,87.81,2025-08-29T00:00:00-04:00,82.3,time stop win,0.5267,win,XME_PrevDayBreakout_D1_52,80.33,3.739999999999995
XME,PrevDayBreakout_D1,2025-08-25T00:00:00-04:00,2025-08-26T00:00:00-04:00,80.71,77.45,87.23,2025-09-02T00:00:00-04:00,81.55,time stop win,0.2577,win,XME_PrevDayBreakout_D1_53,80.71,3.259999999999991
XME,PrevDayBreakout_D1,2025-08-28T00:00:00-04:00,2025-08-29T00:00:00-04:00,81.97,80.31,85.29,2025-09-02T00:00:00-04:00,80.31,SL hit,-1.0,loss,XME_PrevDayBreakout_D1_56,81.97,1.6599999999999966
XME,PrevDayBreakout_D1,2025-08-29T00:00:00-04:00,2025-09-02T00:00:00-04:00,81.435,80.99,82.325,2025-09-02T00:00:00-04:00,80.99,SL hit,-1.0,loss,XME_PrevDayBreakout_D1_57,81.435,0.4450000000000074
XME,PrevDayBreakout_D1,2025-09-05T00:00:00-04:00,2025-09-08T00:00:00-04:00,84.365,80.835,91.425,2025-09-12T00:00:00-04:00,85.58,time stop win,0.3442,win,XME_PrevDayBreakout_D1_61,84.365,3.530000000000001
XME,PrevDayBreakout_D1,2025-09-08T00:00:00-04:00,2025-09-09T00:00:00-04:00,84.22,81.63,89.4,2025-09-15T00:00:00-04:00,89.05,time stop win,1.8649,win,XME_PrevDayBreakout_D1_62,84.22,2.5900000000000034
XME,PrevDayBreakout_D1,2025-09-10T00:00:00-04:00,2025-09-11T00:00:00-04:00,84.44,83.15,87.02,2025-09-15T00:00:00-04:00,87.02,TP hit,2.0,win,XME_PrevDayBreakout_D1_64,84.44,1.289999999999992
XME,PrevDayBreakout_D1,2025-09-11T00:00:00-04:00,2025-09-12T00:00:00-04:00,85.74,84.145,88.93,2025-09-15T00:00:00-04:00,88.93,TP hit,2.0,win,XME_PrevDayBreakout_D1_65,85.74,1.5949999999999989
XME,PrevDayBreakout_D1,2025-09-15T00:00:00-04:00,2025-09-16T00:00:00-04:00,89.415,85.35,97.545,2025-09-22T00:00:00-04:00,90.92,time stop win,0.3702,win,XME_PrevDayBreakout_D1_67,89.415,4.065000000000012
XME,PrevDayBreakout_D1,2025-09-19T00:00:00-04:00,2025-09-22T00:00:00-04:00,90.315,86.79,97.365,2025-09-26T00:00:00-04:00,92.18,time stop win,0.5291,win,XME_PrevDayBreakout_D1_71,90.315,3.5249999999999915
XME,PrevDayBreakout_D1,2025-09-23T00:00:00-04:00,2025-09-24T00:00:00-04:00,91.505,89.22,96.075,2025-09-30T00:00:00-04:00,93.215,time stop win,0.7484,win,XME_PrevDayBreakout_D1_73,91.505,2.2849999999999966
XME,PrevDayBreakout_D1,2025-09-29T00:00:00-04:00,2025-09-30T00:00:00-04:00,93.25,91.57,96.61,2025-10-02T00:00:00-04:00,96.61,TP hit,2.0,win,XME_PrevDayBreakout_D1_77,93.25,1.6800000000000068
XME,PrevDayBreakout_D1,2025-10-01T00:00:00-04:00,2025-10-02T00:00:00-04:00,95.96,91.98,103.92,2025-10-08T00:00:00-04:00,102.26,time stop win,1.5829,win,XME_PrevDayBreakout_D1_79,95.96,3.9799999999999898
XME,PrevDayBreakout_D1,2025-10-02T00:00:00-04:00,2025-10-03T00:00:00-04:00,97.41,93.35,105.53,2025-10-09T00:00:00-04:00,102.34,time stop win,1.2143,win,XME_PrevDayBreakout_D1_80,97.41,4.060000000000002
XME,PrevDayBreakout_D1,2025-10-03T00:00:00-04:00,2025-10-06T00:00:00-04:00,99.0,94.17,108.66,2025-10-10T00:00:00-04:00,100.85,time stop win,0.383,win,XME_PrevDayBreakout_D1_81,99.0,4.829999999999998
XME,PrevDayBreakout_D1,2025-10-08T00:00:00-04:00,2025-10-09T00:00:00-04:00,104.12,98.24,115.88,2025-10-15T00:00:00-04:00,107.91,time stop win,0.6446,win,XME_PrevDayBreakout_D1_84,104.12,5.88000000000001
XME,PrevDayBreakout_D1,2025-10-09T00:00:00-04:00,2025-10-10T00:00:00-04:00,103.915,100.635,110.475,2025-10-14T00:00:00-04:00,110.475,TP hit,2.0,win,XME_PrevDayBreakout_D1_85,103.915,3.280000000000001
XME,PrevDayBreakout_D1,2025-10-13T00:00:00-04:00,2025-10-14T00:00:00-04:00,106.92,100.78,119.2,2025-10-20T00:00:00-04:00,107.27,time stop win,0.057,win,XME_PrevDayBreakout_D1_87,106.92,6.140000000000001
XME,PrevDayBreakout_D1,2025-10-14T00:00:00-04:00,2025-10-15T00:00:00-04:00,110.26,105.95,118.88,2025-10-15T00:00:00-04:00,105.95,SL hit,-1.0,loss,XME_PrevDayBreakout_D1_88,110.26,4.310000000000002
XME,PrevDayBreakout_D1,2025-10-20T00:00:00-04:00,2025-10-21T00:00:00-04:00,102.62,101.29,105.28,2025-10-21T00:00:00-04:00,101.29,SL hit,-1.0,loss,XME_PrevDayBreakout_D1_92,102.62,1.3299999999999983
XME,PrevDayBreakout_D1,2025-11-10T00:00:00-05:00,2025-11-11T00:00:00-05:00,94.52,90.225,103.11,2025-11-14T00:00:00-05:00,90.225,SL hit,-1.0,loss,XME_PrevDayBreakout_D1_107,94.52,4.295000000000002
XME,PrevDayBreakout_D1,2025-11-12T00:00:00-05:00,2025-11-13T00:00:00-05:00,95.98,92.92,102.1,2025-11-13T00:00:00-05:00,92.92,SL hit,-1.0,loss,XME_PrevDayBreakout_D1_109,95.98,3.0600000000000023
XME,PrevDayBreakout_D1,2025-11-24T00:00:00-05:00,2025-11-25T00:00:00-05:00,91.48,85.74,102.96,2025-12-02T00:00:00-05:00,96.61,time stop win,0.8937,win,XME_PrevDayBreakout_D1_117,91.48,5.740000000000009
XME,PrevDayBreakout_D1,2025-11-25T00:00:00-05:00,2025-11-26T00:00:00-05:00,93.6,88.98,102.84,2025-12-03T00:00:00-05:00,99.69,time stop win,1.3182,win,XME_PrevDayBreakout_D1_118,93.6,4.61999999999999
XME,PrevDayBreakout_D1,2025-11-26T00:00:00-05:00,2025-11-28T00:00:00-05:00,95.59,90.555,105.66,2025-12-04T00:00:00-05:00,100.78,time stop win,1.0308,win,XME_PrevDayBreakout_D1_119,95.59,5.034999999999997
XME,PrevDayBreakout_D1,2025-11-28T00:00:00-05:00,2025-12-01T00:00:00-05:00,96.57,93.525,102.66,2025-12-05T00:00:00-05:00,99.75,time stop win,1.0443,win,XME_PrevDayBreakout_D1_120,96.57,3.0449999999999875
XME,PrevDayBreakout_D1,2025-12-03T00:00:00-05:00,2025-12-04T00:00:00-05:00,98.75,95.49,105.27,2025-12-10T00:00:00-05:00,100.13,time stop win,0.4233,win,XME_PrevDayBreakout_D1_123,98.75,3.260000000000005
XME,PrevDayBreakout_D1,2025-12-04T00:00:00-05:00,2025-12-05T00:00:00-05:00,101.33,97.03,109.93,2025-12-11T00:00:00-05:00,104.95,time stop win,0.8419,win,XME_PrevDayBreakout_D1_124,101.33,4.299999999999997
XME,PrevDayBreakout_D1,2025-12-10T00:00:00-05:00,2025-12-11T00:00:00-05:00,99.845,97.75,104.035,2025-12-11T00:00:00-05:00,104.035,TP hit,2.0,win,XME_PrevDayBreakout_D1_128,99.845,2.094999999999999
XME,PrevDayBreakout_D1,2025-12-11T00:00:00-05:00,2025-12-12T00:00:00-05:00,105.46,97.65,121.08,2025-12-18T00:00:00-05:00,102.34,time stop loss,-0.3995,loss,XME_PrevDayBreakout_D1_129,105.46,7.809999999999988
XME,PrevDayBreakout_D1,2025-12-19T00:00:00-05:00,2025-12-22T00:00:00-05:00,107.01,101.465,118.1,2025-12-29T00:00:00-05:00,105.51,time stop loss,-0.2705,loss,XME_PrevDayBreakout_D1_135,107.01,5.545000000000002
XME,PrevDayBreakout_D1,2025-12-22T00:00:00-05:00,2025-12-23T00:00:00-05:00,107.46,102.265,117.85,2025-12-30T00:00:00-05:00,104.71,time stop loss,-0.5294,loss,XME_PrevDayBreakout_D1_136,107.46,5.194999999999993
XME,PrevDayBreakout_D1,2026-01-02T00:00:00-05:00,2026-01-05T00:00:00-05:00,109.7,103.04,123.02,2026-01-09T00:00:00-05:00,116.88,time stop win,1.0781,win,XME_PrevDayBreakout_D1_143,109.7,6.659999999999997
XME,PrevDayBreakout_D1,2026-01-05T00:00:00-05:00,2026-01-06T00:00:00-05:00,112.36,104.77,127.54,2026-01-12T00:00:00-05:00,120.47,time stop win,1.0685,win,XME_PrevDayBreakout_D1_144,112.36,7.590000000000003
XME,PrevDayBreakout_D1,2026-01-06T00:00:00-05:00,2026-01-07T00:00:00-05:00,112.985,109.4,120.155,2026-01-12T00:00:00-05:00,120.155,TP hit,2.0,win,XME_PrevDayBreakout_D1_145,112.985,3.5849999999999937
XME,PrevDayBreakout_D1,2026-01-09T00:00:00-05:00,2026-01-12T00:00:00-05:00,118.955,111.72,133.425,2026-01-16T00:00:00-05:00,124.17,time stop win,0.7208,win,XME_PrevDayBreakout_D1_148,118.955,7.234999999999999
XME,PrevDayBreakout_D1,2026-01-12T00:00:00-05:00,2026-01-13T00:00:00-05:00,121.59,114.89,134.99,2026-01-20T00:00:00-05:00,125.79,time stop win,0.6269,win,XME_PrevDayBreakout_D1_149,121.59,6.700000000000003
XME,PrevDayBreakout_D1,2026-01-14T00:00:00-05:00,2026-01-15T00:00:00-05:00,122.54,119.38,128.86,2026-01-21T00:00:00-05:00,128.86,TP hit,2.0,win,XME_PrevDayBreakout_D1_151,122.54,3.160000000000011
XME,PrevDayBreakout_D1,2026-01-20T00:00:00-05:00,2026-01-21T00:00:00-05:00,128.68,121.435,143.17,2026-01-27T00:00:00-05:00,128.38,time stop loss,-0.0414,loss,XME_PrevDayBreakout_D1_154,128.68,7.2450000000000045
XME,PrevDayBreakout_D1,2026-01-21T00:00:00-05:00,2026-01-22T00:00:00-05:00,129.355,123.92,140.225,2026-01-28T00:00:00-05:00,128.67,time stop loss,-0.126,loss,XME_PrevDayBreakout_D1_155,129.355,5.434999999999988
XME,PrevDayBreakout_D1,2026-01-22T00:00:00-05:00,2026-01-23T00:00:00-05:00,130.955,125.36,142.145,2026-01-27T00:00:00-05:00,125.36,SL hit,-1.0,loss,XME_PrevDayBreakout_D1_156,130.955,5.595000000000013
XME,PrevDayBreakout_D1,2026-02-03T00:00:00-05:00,2026-02-04T00:00:00-05:00,125.945,117.27,143.295,2026-02-05T00:00:00-05:00,117.27,SL hit,-1.0,loss,XME_PrevDayBreakout_D1_164,125.945,8.674999999999997
XME,PrevDayBreakout_D1,2026-02-06T00:00:00-05:00,2026-02-09T00:00:00-05:00,122.42,115.27,136.72,2026-02-13T00:00:00-05:00,115.27,SL hit,-1.0,loss,XME_PrevDayBreakout_D1_167,122.42,7.150000000000006
XME,PrevDayBreakout_D1,2026-02-09T00:00:00-05:00,2026-02-10T00:00:00-05:00,124.84,118.59,137.34,2026-02-12T00:00:00-05:00,118.59,SL hit,-1.0,loss,XME_PrevDayBreakout_D1_168,124.84,6.25
XME,PrevDayBreakout_D1,2026-02-18T00:00:00-05:00,2026-02-19T00:00:00-05:00,115.06,111.74,121.7,2026-02-25T00:00:00-05:00,119.46,time stop win,1.3253,win,XME_PrevDayBreakout_D1_174,115.06,3.3200000000000074
XME,PrevDayBreakout_D1,2026-02-20T00:00:00-05:00,2026-02-23T00:00:00-05:00,117.39,114.47,123.23,2026-02-27T00:00:00-05:00,119.32,time stop win,0.661,win,XME_PrevDayBreakout_D1_176,117.39,2.9200000000000017
XME,PrevDayBreakout_D1,2026-02-24T00:00:00-05:00,2026-02-25T00:00:00-05:00,120.935,115.91,130.985,2026-02-27T00:00:00-05:00,119.32,time stop loss,-0.3214,loss,XME_PrevDayBreakout_D1_178,120.935,5.025000000000006
XME,TwoDayBreakout_D1,2025-06-13T00:00:00-04:00,2025-06-16T00:00:00-04:00,66.22,63.76,71.14,2025-06-23T00:00:00-04:00,66.22,time stop scratch,0.0,scratch,XME_TwoDayBreakout_D1_4,66.22,2.460000000000001
XME,TwoDayBreakout_D1,2025-06-16T00:00:00-04:00,2025-06-17T00:00:00-04:00,66.465,63.79,71.815,2025-06-24T00:00:00-04:00,65.98,time stop loss,-0.1813,loss,XME_TwoDayBreakout_D1_5,66.465,2.6750000000000043
XME,TwoDayBreakout_D1,2025-06-17T00:00:00-04:00,2025-06-18T00:00:00-04:00,66.66,64.28,71.42,2025-06-25T00:00:00-04:00,65.52,time stop loss,-0.479,loss,XME_TwoDayBreakout_D1_6,66.66,2.3799999999999955
XME,TwoDayBreakout_D1,2025-06-26T00:00:00-04:00,2025-06-27T00:00:00-04:00,66.665,65.2,69.595,2025-07-02T00:00:00-04:00,69.595,TP hit,2.0,win,XME_TwoDayBreakout_D1_12,66.665,1.4650000000000034
XME,TwoDayBreakout_D1,2025-07-02T00:00:00-04:00,2025-07-03T00:00:00-04:00,69.97,66.115,77.68,2025-07-10T00:00:00-04:00,72.14,time stop win,0.5629,win,XME_TwoDayBreakout_D1_16,69.97,3.855000000000004
XME,TwoDayBreakout_D1,2025-07-10T00:00:00-04:00,2025-07-11T00:00:00-04:00,71.905,68.07,79.575,2025-07-17T00:00:00-04:00,74.61,time stop win,0.7053,win,XME_TwoDayBreakout_D1_21,71.905,3.835000000000008
XME,TwoDayBreakout_D1,2025-07-11T00:00:00-04:00,2025-07-14T00:00:00-04:00,72.92,68.07,82.62,2025-07-18T00:00:00-04:00,75.18,time stop win,0.466,win,XME_TwoDayBreakout_D1_22,72.92,4.8500000000000085
XME,TwoDayBreakout_D1,2025-07-17T00:00:00-04:00,2025-07-18T00:00:00-04:00,74.92,71.4,81.96,2025-07-24T00:00:00-04:00,77.23,time stop win,0.6563,win,XME_TwoDayBreakout_D1_26,74.92,3.519999999999996
XME,TwoDayBreakout_D1,2025-07-18T00:00:00-04:00,2025-07-21T00:00:00-04:00,76.57,71.4,86.91,2025-07-25T00:00:00-04:00,77.54,time stop win,0.1876,win,XME_TwoDayBreakout_D1_27,76.57,5.1699999999999875
XME,TwoDayBreakout_D1,2025-07-21T00:00:00-04:00,2025-07-22T00:00:00-04:00,76.89,71.985,86.7,2025-07-28T00:00:00-04:00,76.2,time stop loss,-0.1407,loss,XME_TwoDayBreakout_D1_28,76.89,4.905000000000001
XME,TwoDayBreakout_D1,2025-07-22T00:00:00-04:00,2025-07-23T00:00:00-04:00,78.54,74.85,85.92,2025-07-29T00:00:00-04:00,74.85,SL hit,-1.0,loss,XME_TwoDayBreakout_D1_29,78.54,3.690000000000012
XME,TwoDayBreakout_D1,2025-08-04T00:00:00-04:00,2025-08-05T00:00:00-04:00,74.35,71.09,80.87,2025-08-11T00:00:00-04:00,78.725,time stop win,1.342,win,XME_TwoDayBreakout_D1_38,74.35,3.259999999999991
XME,TwoDayBreakout_D1,2025-08-05T00:00:00-04:00,2025-08-06T00:00:00-04:00,76.185,71.09,86.375,2025-08-12T00:00:00-04:00,80.995,time stop win,0.9441,win,XME_TwoDayBreakout_D1_39,76.185,5.094999999999999
XME,TwoDayBreakout_D1,2025-08-07T00:00:00-04:00,2025-08-08T00:00:00-04:00,79.335,73.76,90.485,2025-08-14T00:00:00-04:00,80.59,time stop win,0.2251,win,XME_TwoDayBreakout_D1_41,79.335,5.574999999999989
XME,TwoDayBreakout_D1,2025-08-08T00:00:00-04:00,2025-08-11T00:00:00-04:00,78.305,75.34,84.235,2025-08-15T00:00:00-04:00,79.8,time stop win,0.5042,win,XME_TwoDayBreakout_D1_42,78.305,2.9650000000000034
XME,TwoDayBreakout_D1,2025-08-12T00:00:00-04:00,2025-08-13T00:00:00-04:00,80.81,78.01,86.41,2025-08-19T00:00:00-04:00,78.01,SL hit,-1.0,loss,XME_TwoDayBreakout_D1_44,80.81,2.799999999999997
XME,TwoDayBreakout_D1,2025-08-13T00:00:00-04:00,2025-08-14T00:00:00-04:00,80.485,78.01,85.435,2025-08-19T00:00:00-04:00,78.01,SL hit,-1.0,loss,XME_TwoDayBreakout_D1_45,80.485,2.4749999999999943
XME,TwoDayBreakout_D1,2025-08-22T00:00:00-04:00,2025-08-25T00:00:00-04:00,80.33,76.455,88.08,2025-08-29T00:00:00-04:00,82.3,time stop win,0.5084,win,XME_TwoDayBreakout_D1_52,80.33,3.875
XME,TwoDayBreakout_D1,2025-08-25T00:00:00-04:00,2025-08-26T00:00:00-04:00,80.71,76.59,88.95,2025-09-02T00:00:00-04:00,81.55,time stop win,0.2039,win,XME_TwoDayBreakout_D1_53,80.71,4.11999999999999
XME,TwoDayBreakout_D1,2025-08-29T00:00:00-04:00,2025-09-02T00:00:00-04:00,81.435,80.31,83.685,2025-09-02T00:00:00-04:00,80.31,SL hit,-1.0,loss,XME_TwoDayBreakout_D1_57,81.435,1.125
XME,TwoDayBreakout_D1,2025-09-05T00:00:00-04:00,2025-09-08T00:00:00-04:00,84.365,80.835,91.425,2025-09-12T00:00:00-04:00,85.58,time stop win,0.3442,win,XME_TwoDayBreakout_D1_61,84.365,3.530000000000001
XME,TwoDayBreakout_D1,2025-09-08T00:00:00-04:00,2025-09-09T00:00:00-04:00,84.22,80.835,90.99,2025-09-15T00:00:00-04:00,89.05,time stop win,1.4269,win,XME_TwoDayBreakout_D1_62,84.22,3.385000000000005
XME,TwoDayBreakout_D1,2025-09-10T00:00:00-04:00,2025-09-11T00:00:00-04:00,84.44,83.15,87.02,2025-09-15T00:00:00-04:00,87.02,TP hit,2.0,win,XME_TwoDayBreakout_D1_64,84.44,1.289999999999992
XME,TwoDayBreakout_D1,2025-09-11T00:00:00-04:00,2025-09-12T00:00:00-04:00,85.74,83.15,90.92,2025-09-18T00:00:00-04:00,89.035,time stop win,1.2722,win,XME_TwoDayBreakout_D1_65,85.74,2.589999999999989
XME,TwoDayBreakout_D1,2025-09-15T00:00:00-04:00,2025-09-16T00:00:00-04:00,89.415,84.44,99.365,2025-09-22T00:00:00-04:00,90.92,time stop win,0.3025,win,XME_TwoDayBreakout_D1_67,89.415,4.9750000000000085
XME,TwoDayBreakout_D1,2025-09-19T00:00:00-04:00,2025-09-22T00:00:00-04:00,90.315,86.79,97.365,2025-09-26T00:00:00-04:00,92.18,time stop win,0.5291,win,XME_TwoDayBreakout_D1_71,90.315,3.5249999999999915
XME,TwoDayBreakout_D1,2025-09-23T00:00:00-04:00,2025-09-24T00:00:00-04:00,91.505,89.08,96.355,2025-09-30T00:00:00-04:00,93.215,time stop win,0.7052,win,XME_TwoDayBreakout_D1_73,91.505,2.424999999999997
XME,TwoDayBreakout_D1,2025-09-29T00:00:00-04:00,2025-09-30T00:00:00-04:00,93.25,89.33,101.09,2025-10-06T00:00:00-04:00,98.16,time stop win,1.2526,win,XME_TwoDayBreakout_D1_77,93.25,3.9200000000000017
XME,TwoDayBreakout_D1,2025-10-01T00:00:00-04:00,2025-10-02T00:00:00-04:00,95.96,91.98,103.92,2025-10-08T00:00:00-04:00,102.26,time stop win,1.5829,win,XME_TwoDayBreakout_D1_79,95.96,3.9799999999999898
XME,TwoDayBreakout_D1,2025-10-02T00:00:00-04:00,2025-10-03T00:00:00-04:00,97.41,91.98,108.27,2025-10-09T00:00:00-04:00,102.34,time stop win,0.9079,win,XME_TwoDayBreakout_D1_80,97.41,5.429999999999993
XME,TwoDayBreakout_D1,2025-10-03T00:00:00-04:00,2025-10-06T00:00:00-04:00,99.0,93.35,110.3,2025-10-10T00:00:00-04:00,100.85,time stop win,0.3274,win,XME_TwoDayBreakout_D1_81,99.0,5.650000000000006
XME,TwoDayBreakout_D1,2025-10-08T00:00:00-04:00,2025-10-09T00:00:00-04:00,104.12,98.13,116.1,2025-10-15T00:00:00-04:00,107.91,time stop win,0.6327,win,XME_TwoDayBreakout_D1_84,104.12,5.990000000000009
XME,TwoDayBreakout_D1,2025-10-09T00:00:00-04:00,2025-10-10T00:00:00-04:00,103.915,98.24,115.265,2025-10-16T00:00:00-04:00,106.64,time stop win,0.4802,win,XME_TwoDayBreakout_D1_85,103.915,5.675000000000011
XME,TwoDayBreakout_D1,2025-10-13T00:00:00-04:00,2025-10-14T00:00:00-04:00,106.92,100.78,119.2,2025-10-20T00:00:00-04:00,107.27,time stop win,0.057,win,XME_TwoDayBreakout_D1_87,106.92,6.140000000000001
XME,TwoDayBreakout_D1,2025-10-14T00:00:00-04:00,2025-10-15T00:00:00-04:00,110.26,100.78,129.22,2025-10-21T00:00:00-04:00,100.78,SL hit,-1.0,loss,XME_TwoDayBreakout_D1_88,110.26,9.480000000000004
XME,TwoDayBreakout_D1,2025-11-10T00:00:00-05:00,2025-11-11T00:00:00-05:00,94.52,90.225,103.11,2025-11-14T00:00:00-05:00,90.225,SL hit,-1.0,loss,XME_TwoDayBreakout_D1_107,94.52,4.295000000000002
XME,TwoDayBreakout_D1,2025-11-12T00:00:00-05:00,2025-11-13T00:00:00-05:00,95.98,92.92,102.1,2025-11-13T00:00:00-05:00,92.92,SL hit,-1.0,loss,XME_TwoDayBreakout_D1_109,95.98,3.0600000000000023
XME,TwoDayBreakout_D1,2025-11-25T00:00:00-05:00,2025-11-26T00:00:00-05:00,93.6,85.74,109.32,2025-12-03T00:00:00-05:00,99.69,time stop win,0.7748,win,XME_TwoDayBreakout_D1_118,93.6,7.859999999999999
XME,TwoDayBreakout_D1,2025-11-26T00:00:00-05:00,2025-11-28T00:00:00-05:00,95.59,88.98,108.81,2025-12-04T00:00:00-05:00,100.78,time stop win,0.7852,win,XME_TwoDayBreakout_D1_119,95.59,6.609999999999999
XME,TwoDayBreakout_D1,2025-11-28T00:00:00-05:00,2025-12-01T00:00:00-05:00,96.57,90.555,108.6,2025-12-05T00:00:00-05:00,99.75,time stop win,0.5287,win,XME_TwoDayBreakout_D1_120,96.57,6.014999999999986
XME,TwoDayBreakout_D1,2025-12-03T00:00:00-05:00,2025-12-04T00:00:00-05:00,98.75,95.49,105.27,2025-12-10T00:00:00-05:00,100.13,time stop win,0.4233,win,XME_TwoDayBreakout_D1_123,98.75,3.260000000000005
XME,TwoDayBreakout_D1,2025-12-04T00:00:00-05:00,2025-12-05T00:00:00-05:00,101.33,95.49,113.01,2025-12-11T00:00:00-05:00,104.95,time stop win,0.6199,win,XME_TwoDayBreakout_D1_124,101.33,5.840000000000003
XME,TwoDayBreakout_D1,2025-12-10T00:00:00-05:00,2025-12-11T00:00:00-05:00,99.845,97.75,104.035,2025-12-11T00:00:00-05:00,104.035,TP hit,2.0,win,XME_TwoDayBreakout_D1_128,99.845,2.094999999999999
XME,TwoDayBreakout_D1,2025-12-11T00:00:00-05:00,2025-12-12T00:00:00-05:00,105.46,97.65,121.08,2025-12-18T00:00:00-05:00,102.34,time stop loss,-0.3995,loss,XME_TwoDayBreakout_D1_129,105.46,7.809999999999988
XME,TwoDayBreakout_D1,2025-12-19T00:00:00-05:00,2025-12-22T00:00:00-05:00,107.01,100.42,120.19,2025-12-29T00:00:00-05:00,105.51,time stop loss,-0.2276,loss,XME_TwoDayBreakout_D1_135,107.01,6.590000000000003
XME,TwoDayBreakout_D1,2025-12-22T00:00:00-05:00,2025-12-23T00:00:00-05:00,107.46,101.465,119.45,2025-12-30T00:00:00-05:00,104.71,time stop loss,-0.4587,loss,XME_TwoDayBreakout_D1_136,107.46,5.99499999999999
XME,TwoDayBreakout_D1,2026-01-02T00:00:00-05:00,2026-01-05T00:00:00-05:00,109.7,103.04,123.02,2026-01-09T00:00:00-05:00,116.88,time stop win,1.0781,win,XME_TwoDayBreakout_D1_143,109.7,6.659999999999997
XME,TwoDayBreakout_D1,2026-01-05T00:00:00-05:00,2026-01-06T00:00:00-05:00,112.36,103.04,131.0,2026-01-12T00:00:00-05:00,120.47,time stop win,0.8702,win,XME_TwoDayBreakout_D1_144,112.36,9.319999999999993
XME,TwoDayBreakout_D1,2026-01-06T00:00:00-05:00,2026-01-07T00:00:00-05:00,112.985,104.77,129.415,2026-01-13T00:00:00-05:00,119.72,time stop win,0.8198,win,XME_TwoDayBreakout_D1_145,112.985,8.215000000000003
XME,TwoDayBreakout_D1,2026-01-09T00:00:00-05:00,2026-01-12T00:00:00-05:00,118.955,111.72,133.425,2026-01-16T00:00:00-05:00,124.17,time stop win,0.7208,win,XME_TwoDayBreakout_D1_148,118.955,7.234999999999999
XME,TwoDayBreakout_D1,2026-01-12T00:00:00-05:00,2026-01-13T00:00:00-05:00,121.59,111.72,141.33,2026-01-20T00:00:00-05:00,125.79,time stop win,0.4255,win,XME_TwoDayBreakout_D1_149,121.59,9.870000000000005
XME,TwoDayBreakout_D1,2026-01-14T00:00:00-05:00,2026-01-15T00:00:00-05:00,122.54,118.46,130.7,2026-01-22T00:00:00-05:00,130.7,TP hit,2.0,win,XME_TwoDayBreakout_D1_151,122.54,4.0800000000000125
XME,TwoDayBreakout_D1,2026-01-20T00:00:00-05:00,2026-01-21T00:00:00-05:00,128.68,121.435,143.17,2026-01-27T00:00:00-05:00,128.38,time stop loss,-0.0414,loss,XME_TwoDayBreakout_D1_154,128.68,7.2450000000000045
XME,TwoDayBreakout_D1,2026-01-21T00:00:00-05:00,2026-01-22T00:00:00-05:00,129.355,121.435,145.195,2026-01-28T00:00:00-05:00,128.67,time stop loss,-0.0865,loss,XME_TwoDayBreakout_D1_155,129.355,7.9199999999999875
XME,TwoDayBreakout_D1,2026-01-22T00:00:00-05:00,2026-01-23T00:00:00-05:00,130.955,123.92,145.025,2026-01-29T00:00:00-05:00,123.92,SL hit,-1.0,loss,XME_TwoDayBreakout_D1_156,130.955,7.035000000000011
XME,TwoDayBreakout_D1,2026-02-09T00:00:00-05:00,2026-02-10T00:00:00-05:00,124.84,115.27,143.98,2026-02-13T00:00:00-05:00,115.27,SL hit,-1.0,loss,XME_TwoDayBreakout_D1_168,124.84,9.570000000000007
XME,TwoDayBreakout_D1,2026-02-24T00:00:00-05:00,2026-02-25T00:00:00-05:00,120.935,114.68,133.445,2026-02-27T00:00:00-05:00,119.32,time stop loss,-0.2582,loss,XME_TwoDayBreakout_D1_178,120.935,6.2549999999999955
